
    XFLR5_v4.17

 Calculated polar for: NACA 0011

 1 1 Reynolds number fixed          Mach number fixed         

 xtrf =   0.750 (top)        0.750 (bottom)
 Mach =   0.120     Re =     1.250 e 6     Ncrit =  11.000

  alpha     CL        CD       CDp       CM    Top Xtr Bot Xtr   Cpmin    Chinge    XCp    
 ------- -------- --------- --------- -------- ------- ------- -------- --------- ---------
-20.000 -0.7877 0.23945 0.23705 0.0604 0.0103 0.7500 -2.1077 0.0000 0.3061
-19.750 -0.7805 0.23613 0.23372 0.0586 0.0105 0.7500 -2.0436 0.0000 0.3050
-19.500 -0.7734 0.23276 0.23035 0.0568 0.0108 0.7500 -1.9857 0.0000 0.3037
-19.250 -0.7664 0.22933 0.22691 0.055 0.0111 0.7500 -1.9340 0.0000 0.3024
-19.000 -0.7595 0.22584 0.22342 0.0531 0.0115 0.7500 -1.8882 0.0000 0.3010
-18.750 -0.7527 0.22230 0.21988 0.0512 0.0120 0.7500 -1.8486 0.0000 0.2994
-18.500 -0.7459 0.21873 0.21631 0.0493 0.0126 0.7500 -1.8206 0.0000 0.2978
-18.250 -0.7392 0.21502 0.21260 0.0473 0.0136 0.7500 -1.8278 0.0000 0.2960
-17.750 -0.9347 0.14286 0.14039 0.0156 0.0101 0.7500 -7.1635 0.0000 0.2437
-17.500 -0.9731 0.12957 0.12700 0.0083 0.0098 0.7500 -7.7280 0.0000 0.2355
-17.250 -0.999 0.11976 0.11711 0.0029 0.0096 0.7500 -8.0532 0.0000 0.2301
-17.000 -1.0219 0.11104 0.10830 -0.002 0.0095 0.7500 -8.3052 0.0000 0.2255
-16.750 -1.0435 0.10248 0.09966 -0.0068 0.0094 0.7500 -8.5247 0.0000 0.2213
-16.500 -1.0643 0.09421 0.09131 -0.0116 0.0093 0.7500 -8.7157 0.0000 0.2173
-16.250 -1.085 0.08615 0.08315 -0.0163 0.0093 0.7500 -8.8888 0.0000 0.2136
-16.000 -1.1068 0.07820 0.07509 -0.021 0.0092 0.7500 -9.0612 0.0000 0.2101
-15.750 -1.1292 0.07045 0.06721 -0.0257 0.0092 0.7500 -9.2262 0.0000 0.2069
-15.500 -1.1541 0.06250 0.05912 -0.0306 0.0092 0.7500 -9.4121 0.0000 0.2036
-15.250 -1.1836 0.05417 0.05059 -0.0356 0.0093 0.7500 -9.6413 0.0000 0.2006
-15.000 -1.2188 0.04579 0.04196 -0.0402 0.0095 0.7500 -9.9225 0.0000 0.1983
-14.750 -1.2542 0.03860 0.03450 -0.0429 0.0100 0.7500 -10.1910 0.0000 0.1977
-14.500 -1.2697 0.03443 0.03015 -0.0433 0.0106 0.7500 -10.2324 0.0000 0.1984
-14.250 -1.2682 0.03233 0.02798 -0.0429 0.0110 0.7500 -10.0795 0.0000 0.1992
-14.000 -1.2602 0.03096 0.02656 -0.0422 0.0114 0.7500 -9.8557 0.0000 0.2000
-13.750 -1.2503 0.02983 0.02538 -0.0413 0.0118 0.7500 -9.6149 0.0000 0.2009
-13.500 -1.2404 0.02877 0.02428 -0.0402 0.0122 0.7500 -9.3775 0.0000 0.2020
-13.250 -1.2304 0.02776 0.02321 -0.0388 0.0125 0.7500 -9.1446 0.0000 0.2033
-13.000 -1.2204 0.02679 0.02215 -0.0372 0.0128 0.7500 -8.9165 0.0000 0.2048
-12.750 -1.2107 0.02579 0.02108 -0.0353 0.0132 0.7500 -8.6939 0.0000 0.2065
-12.500 -1.2003 0.02482 0.02002 -0.0334 0.0134 0.7500 -8.4713 0.0000 0.2083
-12.250 -1.1893 0.02389 0.01900 -0.0312 0.0137 0.7500 -8.2477 0.0000 0.2102
-12.000 -1.1775 0.02301 0.01804 -0.0291 0.0140 0.7500 -8.0225 0.0000 0.2122
-11.750 -1.1623 0.02211 0.01704 -0.0275 0.0142 0.7500 -7.7802 0.0000 0.2136
-11.500 -1.1459 0.02123 0.01608 -0.026 0.0144 0.7500 -7.5335 0.0000 0.2149
-11.250 -1.1284 0.02039 0.01515 -0.0247 0.0146 0.7500 -7.2836 0.0000 0.2161
-11.000 -1.11 0.01959 0.01426 -0.0234 0.0148 0.7500 -7.0310 0.0000 0.2173
-10.750 -1.0906 0.01884 0.01342 -0.0222 0.0150 0.7500 -6.7764 0.0000 0.2183
-10.500 -1.0709 0.01808 0.01256 -0.021 0.0152 0.7500 -6.5216 0.0000 0.2194
-10.250 -1.0497 0.01744 0.01185 -0.02 0.0153 0.7500 -6.2624 0.0000 0.2203
-10.000 -1.0278 0.01686 0.01121 -0.0191 0.0155 0.7500 -6.0017 0.0000 0.2211
-9.750 -1.005 0.01634 0.01063 -0.0183 0.0156 0.7500 -5.7397 0.0000 0.2218
-9.500 -0.9815 0.01588 0.01013 -0.0176 0.0157 0.7500 -5.4769 0.0000 0.2224
-9.250 -0.9719 0.01381 0.00777 -0.0147 0.0191 0.7500 -5.3853 0.0000 0.2255
-9.000 -0.9474 0.01341 0.00738 -0.0141 0.0211 0.7500 -5.1224 0.0000 0.2260
-8.750 -0.922 0.01310 0.00707 -0.0136 0.0225 0.7500 -4.8559 0.0000 0.2264
-8.500 -0.8958 0.01288 0.00683 -0.0133 0.0235 0.7500 -4.6295 0.0000 0.2266
-8.250 -0.8687 0.01275 0.00669 -0.0131 0.0242 0.7500 -4.3957 0.0000 0.2267
-8.000 -0.8423 0.01253 0.00647 -0.0128 0.0244 0.7500 -4.1827 0.0000 0.2268
-7.750 -0.821 0.01168 0.00546 -0.0115 0.0274 0.7500 -4.0399 0.0000 0.2282
-7.500 -0.7963 0.01123 0.00504 -0.0109 0.0312 0.7500 -3.8554 0.0000 0.2288
-7.250 -0.77 0.01096 0.00477 -0.0105 0.0338 0.7500 -3.6575 0.0000 0.2291
-7.000 -0.743 0.01079 0.00458 -0.0103 0.0350 0.7500 -3.4559 0.0000 0.2292
-6.750 -0.7182 0.01032 0.00410 -0.0096 0.0414 0.7500 -3.2821 0.0000 0.2298
-6.500 -0.6919 0.01003 0.00385 -0.0092 0.0461 0.7500 -3.0948 0.0000 0.2301
-6.250 -0.6653 0.00978 0.00356 -0.0089 0.0514 0.7500 -2.9160 0.0000 0.2303
-6.000 -0.6393 0.00946 0.00332 -0.0085 0.0603 0.7500 -2.7367 0.0000 0.2306
-5.750 -0.6131 0.00916 0.00308 -0.0081 0.0719 0.7500 -2.5605 0.0000 0.2308
-5.500 -0.5866 0.00889 0.00286 -0.0077 0.0844 0.7500 -2.3869 0.0000 0.2310
-5.250 -0.5602 0.00861 0.00265 -0.0074 0.0993 0.7500 -2.2173 0.0000 0.2312
-5.000 -0.5339 0.00833 0.00246 -0.007 0.1178 0.7500 -2.0520 0.0000 0.2314
-4.750 -0.5076 0.00804 0.00227 -0.0067 0.1402 0.7500 -1.9135 0.0000 0.2315
-4.500 -0.4814 0.00774 0.00210 -0.0063 0.1657 0.7500 -1.7853 0.0000 0.2317
-4.250 -0.4553 0.00743 0.00193 -0.006 0.1967 0.7500 -1.6612 0.0000 0.2319
-4.000 -0.429 0.00715 0.00177 -0.0056 0.2292 0.7500 -1.5411 0.0000 0.2321
-3.750 -0.4023 0.00691 0.00164 -0.0053 0.2582 0.7500 -1.4196 0.0000 0.2321
-3.500 -0.3756 0.00668 0.00153 -0.005 0.2884 0.7500 -1.3008 0.0000 0.2321
-3.250 -0.3492 0.00641 0.00142 -0.0046 0.3262 0.7500 -1.1908 0.0000 0.2322
-3.000 -0.3225 0.00619 0.00133 -0.0043 0.3601 0.7500 -1.0973 0.0000 0.2322
-2.750 -0.2956 0.00599 0.00125 -0.004 0.3918 0.7500 -1.0054 0.0000 0.2320
-2.500 -0.2688 0.00579 0.00119 -0.0037 0.4264 0.7500 -0.9156 0.0000 0.2319
-2.250 -0.2417 0.00562 0.00113 -0.0035 0.4570 0.7500 -0.8394 0.0000 0.2316
-2.000 -0.2147 0.00545 0.00106 -0.0031 0.4900 0.7500 -0.7662 0.0000 0.2313
-1.750 -0.1876 0.00530 0.00102 -0.0029 0.5210 0.7500 -0.6985 0.0000 0.2308
-1.500 -0.1605 0.00515 0.00099 -0.0025 0.5522 0.7500 -0.6387 0.0000 0.2302
-1.250 -0.1334 0.00501 0.00096 -0.0022 0.5832 0.7500 -0.5839 0.0000 0.2294
-1.000 -0.1063 0.00488 0.00094 -0.0019 0.6134 0.7500 -0.5342 0.0000 0.2283
-0.750 -0.0793 0.00476 0.00093 -0.0015 0.6431 0.7500 -0.4908 0.0000 0.2266
-0.500 -0.0523 0.00465 0.00093 -0.0012 0.6725 0.7500 -0.4517 0.0000 0.2235
-0.250 -0.0252 0.00454 0.00094 -0.0008 0.7009 0.7500 -0.4163 0.0000 0.2141
   0.000  -0.0000   0.00452   0.00093   0.0000  0.7283  0.7283  -0.3851   0.0000   0.5193
   0.250   0.0252   0.00454   0.00094   0.0008  0.7009  0.7500  -0.4163   0.0000   0.2141
   0.500   0.0523   0.00465   0.00093   0.0012  0.6725  0.7500  -0.4517   0.0000   0.2235
   0.750   0.0793   0.00476   0.00093   0.0015  0.6431  0.7500  -0.4908   0.0000   0.2266
   1.000   0.1063   0.00488   0.00094   0.0019  0.6134  0.7500  -0.5342   0.0000   0.2283
   1.250   0.1334   0.00501   0.00096   0.0022  0.5832  0.7500  -0.5839   0.0000   0.2294
   1.500   0.1605   0.00515   0.00099   0.0025  0.5522  0.7500  -0.6387   0.0000   0.2302
   1.750   0.1876   0.00530   0.00102   0.0029  0.5210  0.7500  -0.6985   0.0000   0.2308
   2.000   0.2147   0.00545   0.00106   0.0031  0.4900  0.7500  -0.7662   0.0000   0.2313
   2.250   0.2417   0.00562   0.00113   0.0035  0.4570  0.7500  -0.8394   0.0000   0.2316
   2.500   0.2688   0.00579   0.00119   0.0037  0.4264  0.7500  -0.9156   0.0000   0.2319
   2.750   0.2956   0.00599   0.00125   0.0040  0.3918  0.7500  -1.0054   0.0000   0.2320
   3.000   0.3225   0.00619   0.00133   0.0043  0.3601  0.7500  -1.0973   0.0000   0.2322
   3.250   0.3492   0.00641   0.00142   0.0046  0.3262  0.7500  -1.1908   0.0000   0.2322
   3.500   0.3756   0.00668   0.00153   0.0050  0.2884  0.7500  -1.3008   0.0000   0.2321
   3.750   0.4023   0.00691   0.00164   0.0053  0.2582  0.7500  -1.4196   0.0000   0.2321
   4.000   0.4290   0.00715   0.00177   0.0056  0.2292  0.7500  -1.5411   0.0000   0.2321
   4.250   0.4553   0.00743   0.00193   0.0060  0.1967  0.7500  -1.6612   0.0000   0.2319
   4.500   0.4814   0.00774   0.00210   0.0063  0.1657  0.7500  -1.7853   0.0000   0.2317
   4.750   0.5076   0.00804   0.00227   0.0067  0.1402  0.7500  -1.9135   0.0000   0.2315
   5.000   0.5339   0.00833   0.00246   0.0070  0.1178  0.7500  -2.0520   0.0000   0.2314
   5.250   0.5602   0.00861   0.00265   0.0074  0.0993  0.7500  -2.2173   0.0000   0.2312
   5.500   0.5866   0.00889   0.00286   0.0077  0.0844  0.7500  -2.3869   0.0000   0.2310
   5.750   0.6131   0.00916   0.00308   0.0081  0.0719  0.7500  -2.5605   0.0000   0.2308
   6.000   0.6393   0.00946   0.00332   0.0085  0.0603  0.7500  -2.7367   0.0000   0.2306
   6.250   0.6653   0.00978   0.00356   0.0089  0.0514  0.7500  -2.9160   0.0000   0.2303
   6.500   0.6919   0.01003   0.00385   0.0092  0.0461  0.7500  -3.0948   0.0000   0.2301
   6.750   0.7182   0.01032   0.00410   0.0096  0.0414  0.7500  -3.2821   0.0000   0.2298
   7.000   0.7430   0.01079   0.00458   0.0103  0.0350  0.7500  -3.4559   0.0000   0.2292
   7.250   0.7700   0.01096   0.00477   0.0105  0.0338  0.7500  -3.6575   0.0000   0.2291
   7.500   0.7963   0.01123   0.00504   0.0109  0.0312  0.7500  -3.8554   0.0000   0.2288
   7.750   0.8210   0.01168   0.00546   0.0115  0.0274  0.7500  -4.0399   0.0000   0.2282
   8.000   0.8423   0.01253   0.00647   0.0128  0.0244  0.7500  -4.1827   0.0000   0.2268
   8.250   0.8687   0.01275   0.00669   0.0131  0.0242  0.7500  -4.3957   0.0000   0.2267
   8.500   0.8958   0.01288   0.00683   0.0133  0.0235  0.7500  -4.6295   0.0000   0.2266
   8.750   0.9220   0.01310   0.00707   0.0136  0.0225  0.7500  -4.8559   0.0000   0.2264
   9.000   0.9474   0.01341   0.00738   0.0141  0.0211  0.7500  -5.1224   0.0000   0.2260
   9.250   0.9719   0.01381   0.00777   0.0147  0.0191  0.7500  -5.3853   0.0000   0.2255
   9.500   0.9815   0.01588   0.01013   0.0176  0.0157  0.7500  -5.4769   0.0000   0.2224
   9.750   1.0050   0.01634   0.01063   0.0183  0.0156  0.7500  -5.7397   0.0000   0.2218
  10.000   1.0278   0.01686   0.01121   0.0191  0.0155  0.7500  -6.0017   0.0000   0.2211
  10.250   1.0497   0.01744   0.01185   0.0200  0.0153  0.7500  -6.2624   0.0000   0.2203
  10.500   1.0709   0.01808   0.01256   0.0210  0.0152  0.7500  -6.5216   0.0000   0.2194
  10.750   1.0906   0.01884   0.01342   0.0222  0.0150  0.7500  -6.7764   0.0000   0.2183
  11.000   1.1100   0.01959   0.01426   0.0234  0.0148  0.7500  -7.0310   0.0000   0.2173
  11.250   1.1284   0.02039   0.01515   0.0247  0.0146  0.7500  -7.2836   0.0000   0.2161
  11.500   1.1459   0.02123   0.01608   0.0260  0.0144  0.7500  -7.5335   0.0000   0.2149
  11.750   1.1623   0.02211   0.01704   0.0275  0.0142  0.7500  -7.7802   0.0000   0.2136
  12.000   1.1775   0.02301   0.01804   0.0291  0.0140  0.7500  -8.0225   0.0000   0.2122
  12.250   1.1893   0.02389   0.01900   0.0312  0.0137  0.7500  -8.2477   0.0000   0.2102
  12.500   1.2003   0.02482   0.02002   0.0334  0.0134  0.7500  -8.4713   0.0000   0.2083
  12.750   1.2107   0.02579   0.02108   0.0353  0.0132  0.7500  -8.6939   0.0000   0.2065
  13.000   1.2204   0.02679   0.02215   0.0372  0.0128  0.7500  -8.9165   0.0000   0.2048
  13.250   1.2304   0.02776   0.02321   0.0388  0.0125  0.7500  -9.1446   0.0000   0.2033
  13.500   1.2404   0.02877   0.02428   0.0402  0.0122  0.7500  -9.3775   0.0000   0.2020
  13.750   1.2503   0.02983   0.02538   0.0413  0.0118  0.7500  -9.6149   0.0000   0.2009
  14.000   1.2602   0.03096   0.02656   0.0422  0.0114  0.7500  -9.8557   0.0000   0.2000
  14.250   1.2682   0.03233   0.02798   0.0429  0.0110  0.7500  -10.0795   0.0000   0.1992
  14.500   1.2697   0.03443   0.03015   0.0433  0.0106  0.7500  -10.2324   0.0000   0.1984
  14.750   1.2542   0.03860   0.03450   0.0429  0.0100  0.7500  -10.1910   0.0000   0.1977
  15.000   1.2188   0.04579   0.04196   0.0402  0.0095  0.7500  -9.9225   0.0000   0.1983
  15.250   1.1836   0.05417   0.05059   0.0356  0.0093  0.7500  -9.6413   0.0000   0.2006
  15.500   1.1541   0.06250   0.05912   0.0306  0.0092  0.7500  -9.4121   0.0000   0.2036
  15.750   1.1292   0.07045   0.06721   0.0257  0.0092  0.7500  -9.2262   0.0000   0.2069
  16.000   1.1068   0.07820   0.07509   0.0210  0.0092  0.7500  -9.0612   0.0000   0.2101
  16.250   1.0850   0.08615   0.08315   0.0163  0.0093  0.7500  -8.8888   0.0000   0.2136
  16.500   1.0643   0.09421   0.09131   0.0116  0.0093  0.7500  -8.7157   0.0000   0.2173
  16.750   1.0435   0.10248   0.09966   0.0068  0.0094  0.7500  -8.5247   0.0000   0.2213
  17.000   1.0219   0.11104   0.10830   0.0020  0.0095  0.7500  -8.3052   0.0000   0.2255
  17.250   0.9990   0.11976   0.11711  -0.0029  0.0096  0.7500  -8.0532   0.0000   0.2301
  17.500   0.9731   0.12957   0.12700  -0.0083  0.0098  0.7500  -7.7280   0.0000   0.2355
  17.750   0.9347   0.14286   0.14039  -0.0156  0.0101  0.7500  -7.1635   0.0000   0.2437
  18.250   0.7392   0.21502   0.21260  -0.0473  0.0136  0.7500  -1.8278   0.0000   0.2960
  18.500   0.7459   0.21873   0.21631  -0.0493  0.0126  0.7500  -1.8206   0.0000   0.2978
  18.750   0.7527   0.22230   0.21988  -0.0512  0.0120  0.7500  -1.8486   0.0000   0.2994
  19.000   0.7595   0.22584   0.22342  -0.0531  0.0115  0.7500  -1.8882   0.0000   0.3010
  19.250   0.7664   0.22933   0.22691  -0.0550  0.0111  0.7500  -1.9340   0.0000   0.3024
  19.500   0.7734   0.23276   0.23035  -0.0568  0.0108  0.7500  -1.9857   0.0000   0.3037
  19.750   0.7805   0.23613   0.23372  -0.0586  0.0105  0.7500  -2.0436   0.0000   0.3050
  20.000   0.7877   0.23945   0.23705  -0.0604  0.0103  0.7500  -2.1077   0.0000   0.3061
