
    XFLR5_v4.17

 Calculated polar for: NACA 0030

 1 1 Reynolds number fixed          Mach number fixed         

 xtrf =   0.750 (top)        0.750 (bottom)
 Mach =   0.180     Re =     5.000 e 6     Ncrit =  11.000

  alpha     CL        CD       CDp       CM    Top Xtr Bot Xtr   Cpmin    Chinge    XCp    
 ------- -------- --------- --------- -------- ------- ------- -------- --------- ---------
-20.000 -1.1791 0.05648 0.05222 -0.1034 0.1043 0.7500 -4.3078 0.0000 0.0989
-19.750 -1.1795 0.05421 0.04997 -0.1033 0.1073 0.7500 -4.2809 0.0000 0.0998
-19.500 -1.1947 0.05075 0.04648 -0.103 0.1095 0.7500 -4.2849 0.0000 0.1025
-19.250 -1.1914 0.04892 0.04464 -0.1028 0.1117 0.7500 -4.2484 0.0000 0.1032
-19.000 -1.1847 0.04735 0.04307 -0.1027 0.1130 0.7500 -4.2046 0.0000 0.1035
-18.750 -1.1875 0.04493 0.04060 -0.1024 0.1137 0.7500 -4.1805 0.0000 0.1049
-18.500 -1.1756 0.04367 0.03932 -0.1024 0.1142 0.7500 -4.1259 0.0000 0.1045
-18.250 -1.1625 0.04248 0.03811 -0.1024 0.1145 0.7500 -4.0691 0.0000 0.1040
-18.000 -1.1536 0.04098 0.03658 -0.1023 0.1147 0.7500 -4.0207 0.0000 0.1041
-17.750 -1.1498 0.03911 0.03467 -0.1019 0.1162 0.7500 -3.9824 0.0000 0.1049
-17.500 -1.1409 0.03770 0.03326 -0.1016 0.1197 0.7500 -3.9339 0.0000 0.1051
-17.250 -1.1402 0.03567 0.03122 -0.1009 0.1234 0.7500 -3.9020 0.0000 0.1065
-17.000 -1.1358 0.03399 0.02954 -0.1003 0.1266 0.7500 -3.8674 0.0000 0.1075
-16.750 -1.1296 0.03247 0.02804 -0.0996 0.1293 0.7500 -3.8290 0.0000 0.1083
-16.500 -1.1279 0.03062 0.02617 -0.0987 0.1316 0.7500 -3.7986 0.0000 0.1098
-16.250 -1.1153 0.02955 0.02510 -0.0983 0.1333 0.7500 -3.7483 0.0000 0.1097
-16.000 -1.1009 0.02858 0.02412 -0.0979 0.1343 0.7500 -3.6951 0.0000 0.1094
-15.750 -1.0916 0.02728 0.02280 -0.0972 0.1349 0.7500 -3.6509 0.0000 0.1099
-15.500 -1.0746 0.02653 0.02203 -0.0969 0.1353 0.7500 -3.5932 0.0000 0.1092
-15.250 -1.0575 0.02579 0.02128 -0.0965 0.1361 0.7500 -3.5358 0.0000 0.1084
-15.000 -1.0475 0.02466 0.02014 -0.0957 0.1406 0.7500 -3.4903 0.0000 0.1090
-14.750 -1.0388 0.02346 0.01895 -0.0947 0.1457 0.7500 -3.4470 0.0000 0.1098
-14.500 -1.0288 0.02239 0.01791 -0.0936 0.1497 0.7500 -3.4013 0.0000 0.1106
-14.250 -1.0215 0.02116 0.01669 -0.0924 0.1528 0.7500 -3.3597 0.0000 0.1119
-14.000 -1.0055 0.02042 0.01596 -0.0916 0.1550 0.7500 -3.3043 0.0000 0.1116
-13.750 -0.9875 0.01978 0.01532 -0.0911 0.1563 0.7500 -3.2459 0.0000 0.1108
-13.500 -0.9714 0.01905 0.01457 -0.0904 0.1571 0.7500 -3.1935 0.0000 0.1104
-13.250 -0.9522 0.01848 0.01398 -0.0899 0.1576 0.7500 -3.1398 0.0000 0.1094
-13.000 -0.9325 0.01795 0.01346 -0.0893 0.1593 0.7500 -3.0854 0.0000 0.1082
-12.750 -0.916 0.01730 0.01282 -0.0885 0.1642 0.7500 -3.0359 0.0000 0.1078
-12.500 -0.9038 0.01648 0.01201 -0.0871 0.1690 0.7500 -2.9924 0.0000 0.1085
-12.250 -0.889 0.01582 0.01138 -0.086 0.1731 0.7500 -2.9453 0.0000 0.1087
-12.000 -0.8741 0.01518 0.01076 -0.0848 0.1767 0.7500 -2.8980 0.0000 0.1088
-11.750 -0.8581 0.01460 0.01020 -0.0836 0.1792 0.7500 -2.8492 0.0000 0.1087
-11.500 -0.8369 0.01424 0.00983 -0.083 0.1805 0.7500 -2.7936 0.0000 0.1072
-11.250 -0.8146 0.01391 0.00950 -0.0825 0.1812 0.7500 -2.7369 0.0000 0.1052
-11.000 -0.7952 0.01348 0.00908 -0.0817 0.1842 0.7500 -2.6843 0.0000 0.1040
-10.750 -0.7799 0.01303 0.00859 -0.0801 0.1899 0.7371 -2.6384 0.0000 0.1044
-10.500 -0.7645 0.01262 0.00817 -0.0785 0.1949 0.7243 -2.5959 0.0000 0.1049
-10.250 -0.7505 0.01218 0.00771 -0.0766 0.1991 0.7104 -2.5552 0.0000 0.1059
-10.000 -0.735 0.01180 0.00731 -0.0749 0.2023 0.6983 -2.5127 0.0000 0.1065
-9.750 -0.7158 0.01157 0.00703 -0.0736 0.2043 0.6827 -2.4657 0.0000 0.1057
-9.500 -0.6947 0.01135 0.00679 -0.0726 0.2054 0.6731 -2.4169 0.0000 0.1042
-9.250 -0.6754 0.01115 0.00653 -0.0713 0.2060 0.6580 -2.3702 0.0000 0.1034
-9.000 -0.6566 0.01087 0.00623 -0.0699 0.2114 0.6509 -2.3247 0.0000 0.1026
-8.750 -0.6397 0.01058 0.00595 -0.0683 0.2187 0.6408 -2.2813 0.0000 0.1027
-8.500 -0.6253 0.01029 0.00564 -0.0661 0.2240 0.6247 -2.2408 0.0000 0.1041
-8.250 -0.6077 0.01001 0.00537 -0.0645 0.2279 0.6189 -2.1988 0.0000 0.1040
-8.000 -0.5873 0.00987 0.00519 -0.0632 0.2302 0.6075 -2.1562 0.0000 0.1026
-7.750 -0.5656 0.00975 0.00503 -0.0621 0.2314 0.5936 -2.1126 0.0000 0.1004
-7.500 -0.5423 0.00961 0.00487 -0.0613 0.2320 0.5896 -2.0677 0.0000 0.0971
-7.250 -0.5231 0.00943 0.00468 -0.0598 0.2371 0.5812 -2.0270 0.0000 0.0960
-7.000 -0.5046 0.00928 0.00450 -0.0581 0.2440 0.5674 -1.9874 0.0000 0.0953
-6.750 -0.4866 0.00904 0.00429 -0.0564 0.2503 0.5604 -1.9483 0.0000 0.0947
-6.500 -0.4683 0.00886 0.00411 -0.0547 0.2552 0.5532 -1.9089 0.0000 0.0940
-6.250 -0.4479 0.00877 0.00399 -0.0532 0.2577 0.5426 -1.8677 0.0000 0.0919
-6.000 -0.4246 0.00871 0.00389 -0.0523 0.2588 0.5312 -1.8273 0.0000 0.0874
-5.750 -0.4009 0.00861 0.00379 -0.0514 0.2616 0.5281 -1.7874 0.0000 0.0819
-5.500 -0.3808 0.00848 0.00366 -0.0499 0.2689 0.5213 -1.7509 0.0000 0.0790
-5.250 -0.3635 0.00836 0.00352 -0.0479 0.2752 0.5102 -1.7170 0.0000 0.0786
-5.000 -0.3438 0.00824 0.00341 -0.0463 0.2804 0.4995 -1.6811 0.0000 0.0756
-4.750 -0.3218 0.00814 0.00331 -0.0451 0.2842 0.4959 -1.6432 0.0000 0.0698
-4.500 -0.2998 0.00808 0.00324 -0.0438 0.2863 0.4894 -1.6056 0.0000 0.0632
-4.250 -0.2782 0.00807 0.00318 -0.0425 0.2880 0.4803 -1.5684 0.0000 0.0563
-4.000 -0.2575 0.00800 0.00310 -0.0409 0.2963 0.4692 -1.5356 0.0000 0.0494
-3.750 -0.2372 0.00787 0.00301 -0.0394 0.3034 0.4666 -1.5033 0.0000 0.0419
-3.500 -0.2182 0.00777 0.00293 -0.0375 0.3089 0.4616 -1.4721 0.0000 0.0356
-3.250 -0.1987 0.00775 0.00288 -0.0357 0.3127 0.4526 -1.4405 0.0000 0.0271
-3.000 -0.1774 0.00775 0.00285 -0.0342 0.3147 0.4409 -1.4076 0.0000 0.0127
-2.750 -0.1541 0.00773 0.00281 -0.0332 0.3159 0.4365 -1.3733 0.0000 -0.0115
-2.500 -0.1336 0.00766 0.00276 -0.0315 0.3243 0.4339 -1.3415 0.0000 -0.0339
-2.250 -0.1161 0.00758 0.00270 -0.0293 0.3330 0.4289 -1.3132 0.0000 -0.0521
-2.000 -0.0999 0.00755 0.00267 -0.0268 0.3391 0.4213 -1.2875 0.0000 -0.0692
-1.750 -0.0825 0.00755 0.00265 -0.0245 0.3427 0.4101 -1.2609 0.0000 -0.1011
-1.500 -0.0615 0.00754 0.00263 -0.0229 0.3446 0.4053 -1.2319 0.0000 -0.1833
-1.250 -0.0407 0.00754 0.00262 -0.0213 0.3461 0.4024 -1.2031 0.0000 -0.3475
-1.000 -0.0247 0.00752 0.00260 -0.0187 0.3541 0.3976 -1.1778 0.0000 -0.6021
-0.750 -0.0134 0.00750 0.00259 -0.0151 0.3622 0.3912 -1.1558 0.0000 -1.0051
-0.500 -0.005 0.00749 0.00257 -0.0109 0.3688 0.3833 -1.1358 0.0000 -2.1649
-0.250 0.004 0.00749 0.00258 -0.0069 0.3729 0.3756 -1.1169 0.0000 2.0778
   0.000   0.0000   0.00749   0.00258  -0.0000  0.3747  0.3747  -1.1069   0.0000   0.4520
   0.250  -0.0040   0.00749   0.00258   0.0069  0.3729  0.3756  -1.1169   0.0000   2.0778
   0.500   0.0050   0.00749   0.00257   0.0109  0.3688  0.3833  -1.1358   0.0000  -2.1649
   0.750   0.0134   0.00750   0.00259   0.0151  0.3622  0.3912  -1.1558   0.0000  -1.0051
   1.000   0.0247   0.00752   0.00260   0.0187  0.3541  0.3976  -1.1778   0.0000  -0.6021
   1.250   0.0407   0.00754   0.00262   0.0213  0.3461  0.4024  -1.2031   0.0000  -0.3475
   1.500   0.0615   0.00754   0.00263   0.0229  0.3446  0.4053  -1.2319   0.0000  -0.1833
   1.750   0.0825   0.00755   0.00265   0.0245  0.3427  0.4101  -1.2609   0.0000  -0.1011
   2.000   0.0999   0.00755   0.00267   0.0268  0.3391  0.4213  -1.2875   0.0000  -0.0692
   2.250   0.1161   0.00758   0.00270   0.0293  0.3330  0.4289  -1.3132   0.0000  -0.0521
   2.500   0.1336   0.00766   0.00276   0.0315  0.3243  0.4339  -1.3415   0.0000  -0.0339
   2.750   0.1541   0.00773   0.00281   0.0332  0.3159  0.4365  -1.3733   0.0000  -0.0115
   3.000   0.1774   0.00775   0.00285   0.0342  0.3147  0.4409  -1.4076   0.0000   0.0127
   3.250   0.1987   0.00775   0.00288   0.0357  0.3127  0.4526  -1.4405   0.0000   0.0271
   3.500   0.2182   0.00777   0.00293   0.0375  0.3089  0.4616  -1.4721   0.0000   0.0356
   3.750   0.2372   0.00787   0.00301   0.0394  0.3034  0.4666  -1.5033   0.0000   0.0419
   4.000   0.2575   0.00800   0.00310   0.0409  0.2963  0.4692  -1.5356   0.0000   0.0494
   4.250   0.2782   0.00807   0.00318   0.0425  0.2880  0.4803  -1.5684   0.0000   0.0563
   4.500   0.2998   0.00808   0.00324   0.0438  0.2863  0.4894  -1.6056   0.0000   0.0632
   4.750   0.3218   0.00814   0.00331   0.0451  0.2842  0.4959  -1.6432   0.0000   0.0698
   5.000   0.3438   0.00824   0.00341   0.0463  0.2804  0.4995  -1.6811   0.0000   0.0756
   5.250   0.3635   0.00836   0.00352   0.0479  0.2752  0.5102  -1.7170   0.0000   0.0786
   5.500   0.3808   0.00848   0.00366   0.0499  0.2689  0.5213  -1.7509   0.0000   0.0790
   5.750   0.4009   0.00861   0.00379   0.0514  0.2616  0.5281  -1.7874   0.0000   0.0819
   6.000   0.4246   0.00871   0.00389   0.0523  0.2588  0.5312  -1.8273   0.0000   0.0874
   6.250   0.4479   0.00877   0.00399   0.0532  0.2577  0.5426  -1.8677   0.0000   0.0919
   6.500   0.4683   0.00886   0.00411   0.0547  0.2552  0.5532  -1.9089   0.0000   0.0940
   6.750   0.4866   0.00904   0.00429   0.0564  0.2503  0.5604  -1.9483   0.0000   0.0947
   7.000   0.5046   0.00928   0.00450   0.0581  0.2440  0.5674  -1.9874   0.0000   0.0953
   7.250   0.5231   0.00943   0.00468   0.0598  0.2371  0.5812  -2.0270   0.0000   0.0960
   7.500   0.5423   0.00961   0.00487   0.0613  0.2320  0.5896  -2.0677   0.0000   0.0971
   7.750   0.5656   0.00975   0.00503   0.0621  0.2314  0.5936  -2.1126   0.0000   0.1004
   8.000   0.5873   0.00987   0.00519   0.0632  0.2302  0.6075  -2.1562   0.0000   0.1026
   8.250   0.6077   0.01001   0.00537   0.0645  0.2279  0.6189  -2.1988   0.0000   0.1040
   8.500   0.6253   0.01029   0.00564   0.0661  0.2240  0.6247  -2.2408   0.0000   0.1041
   8.750   0.6397   0.01058   0.00595   0.0683  0.2187  0.6408  -2.2813   0.0000   0.1027
   9.000   0.6566   0.01087   0.00623   0.0699  0.2114  0.6509  -2.3247   0.0000   0.1026
   9.250   0.6754   0.01115   0.00653   0.0713  0.2060  0.6580  -2.3702   0.0000   0.1034
   9.500   0.6947   0.01135   0.00679   0.0726  0.2054  0.6731  -2.4169   0.0000   0.1042
   9.750   0.7158   0.01157   0.00703   0.0736  0.2043  0.6827  -2.4657   0.0000   0.1057
  10.000   0.7350   0.01180   0.00731   0.0749  0.2023  0.6983  -2.5127   0.0000   0.1065
  10.250   0.7505   0.01218   0.00771   0.0766  0.1991  0.7104  -2.5552   0.0000   0.1059
  10.500   0.7645   0.01262   0.00817   0.0785  0.1949  0.7243  -2.5959   0.0000   0.1049
  10.750   0.7799   0.01303   0.00859   0.0801  0.1899  0.7371  -2.6384   0.0000   0.1044
  11.000   0.7952   0.01348   0.00908   0.0817  0.1842  0.7500  -2.6843   0.0000   0.1040
  11.250   0.8146   0.01391   0.00950   0.0825  0.1812  0.7500  -2.7369   0.0000   0.1052
  11.500   0.8369   0.01424   0.00983   0.0830  0.1805  0.7500  -2.7936   0.0000   0.1072
  11.750   0.8581   0.01460   0.01020   0.0836  0.1792  0.7500  -2.8492   0.0000   0.1087
  12.000   0.8741   0.01518   0.01076   0.0848  0.1767  0.7500  -2.8980   0.0000   0.1088
  12.250   0.8890   0.01582   0.01138   0.0860  0.1731  0.7500  -2.9453   0.0000   0.1087
  12.500   0.9038   0.01648   0.01201   0.0871  0.1690  0.7500  -2.9924   0.0000   0.1085
  12.750   0.9160   0.01730   0.01282   0.0885  0.1642  0.7500  -3.0359   0.0000   0.1078
  13.000   0.9325   0.01795   0.01346   0.0893  0.1593  0.7500  -3.0854   0.0000   0.1082
  13.250   0.9522   0.01848   0.01398   0.0899  0.1576  0.7500  -3.1398   0.0000   0.1094
  13.500   0.9714   0.01905   0.01457   0.0904  0.1571  0.7500  -3.1935   0.0000   0.1104
  13.750   0.9875   0.01978   0.01532   0.0911  0.1563  0.7500  -3.2459   0.0000   0.1108
  14.000   1.0055   0.02042   0.01596   0.0916  0.1550  0.7500  -3.3043   0.0000   0.1116
  14.250   1.0215   0.02116   0.01669   0.0924  0.1528  0.7500  -3.3597   0.0000   0.1119
  14.500   1.0288   0.02239   0.01791   0.0936  0.1497  0.7500  -3.4013   0.0000   0.1106
  14.750   1.0388   0.02346   0.01895   0.0947  0.1457  0.7500  -3.4470   0.0000   0.1098
  15.000   1.0475   0.02466   0.02014   0.0957  0.1406  0.7500  -3.4903   0.0000   0.1090
  15.250   1.0575   0.02579   0.02128   0.0965  0.1361  0.7500  -3.5358   0.0000   0.1084
  15.500   1.0746   0.02653   0.02203   0.0969  0.1353  0.7500  -3.5932   0.0000   0.1092
  15.750   1.0916   0.02728   0.02280   0.0972  0.1349  0.7500  -3.6509   0.0000   0.1099
  16.000   1.1009   0.02858   0.02412   0.0979  0.1343  0.7500  -3.6951   0.0000   0.1094
  16.250   1.1153   0.02955   0.02510   0.0983  0.1333  0.7500  -3.7483   0.0000   0.1097
  16.500   1.1279   0.03062   0.02617   0.0987  0.1316  0.7500  -3.7986   0.0000   0.1098
  16.750   1.1296   0.03247   0.02804   0.0996  0.1293  0.7500  -3.8290   0.0000   0.1083
  17.000   1.1358   0.03399   0.02954   0.1003  0.1266  0.7500  -3.8674   0.0000   0.1075
  17.250   1.1402   0.03567   0.03122   0.1009  0.1234  0.7500  -3.9020   0.0000   0.1065
  17.500   1.1409   0.03770   0.03326   0.1016  0.1197  0.7500  -3.9339   0.0000   0.1051
  17.750   1.1498   0.03911   0.03467   0.1019  0.1162  0.7500  -3.9824   0.0000   0.1049
  18.000   1.1536   0.04098   0.03658   0.1023  0.1147  0.7500  -4.0207   0.0000   0.1041
  18.250   1.1625   0.04248   0.03811   0.1024  0.1145  0.7500  -4.0691   0.0000   0.1040
  18.500   1.1756   0.04367   0.03932   0.1024  0.1142  0.7500  -4.1259   0.0000   0.1045
  18.750   1.1875   0.04493   0.04060   0.1024  0.1137  0.7500  -4.1805   0.0000   0.1049
  19.000   1.1847   0.04735   0.04307   0.1027  0.1130  0.7500  -4.2046   0.0000   0.1035
  19.250   1.1914   0.04892   0.04464   0.1028  0.1117  0.7500  -4.2484   0.0000   0.1032
  19.500   1.1947   0.05075   0.04648   0.1030  0.1095  0.7500  -4.2849   0.0000   0.1025
  19.750   1.1795   0.05421   0.04997   0.1033  0.1073  0.7500  -4.2809   0.0000   0.0998
  20.000   1.1791   0.05648   0.05222   0.1034  0.1043  0.7500  -4.3078   0.0000   0.0989
