
    XFLR5_v4.17

 Calculated polar for: NACA 46009

 1 1 Reynolds number fixed          Mach number fixed         

 xtrf =   0.700 (top)        0.800 (bottom)
 Mach =   0.120     Re =     1.500 e 6     Ncrit =  11.000

  alpha     CL        CD       CDp       CM    Top Xtr Bot Xtr   Cpmin    Chinge    XCp    
 ------- -------- --------- --------- -------- ------- ------- -------- --------- ---------
 -20.000  -0.6711   0.24940   0.24693   0.0505  0.7000  0.0061  -1.4534   0.0000   0.3125
 -19.900  -0.6680   0.24801   0.24555   0.0497  0.7000  0.0061  -1.4405   0.0000   0.3118
 -19.800  -0.6649   0.24663   0.24416   0.0489  0.7000  0.0061  -1.4372   0.0000   0.3111
 -19.700  -0.6617   0.24525   0.24278   0.0482  0.7000  0.0061  -1.4387   0.0000   0.3104
 -19.600  -0.6586   0.24388   0.24141   0.0474  0.7000  0.0061  -1.4403   0.0000   0.3097
 -19.500  -0.6554   0.24251   0.24004   0.0466  0.7000  0.0061  -1.4420   0.0000   0.3090
 -19.400  -0.6523   0.24115   0.23868   0.0459  0.7000  0.0061  -1.4437   0.0000   0.3083
 -19.300  -0.6491   0.23979   0.23732   0.0451  0.7000  0.0061  -1.4455   0.0000   0.3075
 -19.200  -0.6459   0.23845   0.23597   0.0444  0.7000  0.0061  -1.4473   0.0000   0.3068
 -19.100  -0.6428   0.23711   0.23464   0.0436  0.7000  0.0061  -1.4492   0.0000   0.3061
 -19.000  -0.6396   0.23579   0.23331   0.0429  0.7000  0.0061  -1.4511   0.0000   0.3053
 -18.900  -0.6364   0.23447   0.23200   0.0421  0.7000  0.0061  -1.4531   0.0000   0.3045
 -18.800  -0.6332   0.23316   0.23068   0.0414  0.7000  0.0061  -1.4548   0.0000   0.3038
 -18.700  -0.6300   0.23186   0.22938   0.0406  0.7000  0.0061  -1.4561   0.0000   0.3030
 -18.600  -0.6267   0.23055   0.22807   0.0399  0.7000  0.0061  -1.4576   0.0000   0.3023
 -18.500  -0.6235   0.22925   0.22677   0.0391  0.7000  0.0061  -1.4592   0.0000   0.3015
 -18.400  -0.6203   0.22796   0.22548   0.0384  0.7000  0.0061  -1.4609   0.0000   0.3007
 -18.300  -0.6171   0.22667   0.22419   0.0377  0.7000  0.0061  -1.4628   0.0000   0.2999
 -18.200  -0.6139   0.22539   0.22291   0.0369  0.7000  0.0061  -1.4647   0.0000   0.2991
 -18.100  -0.6107   0.22412   0.22164   0.0362  0.7000  0.0061  -1.4667   0.0000   0.2983
 -18.000  -0.6074   0.22286   0.22038   0.0355  0.7000  0.0061  -1.4687   0.0000   0.2975
 -17.900  -0.6042   0.22161   0.21913   0.0348  0.7000  0.0061  -1.4708   0.0000   0.2967
 -17.800  -0.6010   0.22038   0.21789   0.0340  0.7000  0.0061  -1.4729   0.0000   0.2959
 -17.700  -0.5977   0.21915   0.21667   0.0333  0.7000  0.0061  -1.4751   0.0000   0.2951
 -17.600  -0.5945   0.21794   0.21546   0.0326  0.7000  0.0061  -1.4773   0.0000   0.2943
 -17.500  -0.5912   0.21674   0.21426   0.0319  0.7000  0.0062  -1.4795   0.0000   0.2934
 -17.400  -0.5880   0.21555   0.21307   0.0312  0.7000  0.0062  -1.4819   0.0000   0.2926
 -17.300  -0.5847   0.21436   0.21188   0.0304  0.7000  0.0062  -1.4843   0.0000   0.2917
 -17.200  -0.5815   0.21317   0.21069   0.0297  0.7000  0.0062  -1.4868   0.0000   0.2909
 -17.100  -0.5782   0.21195   0.20946   0.0290  0.7000  0.0062  -1.4895   0.0000   0.2900
 -17.000  -0.5751   0.21069   0.20820   0.0283  0.7000  0.0062  -1.4923   0.0000   0.2891
 -16.900  -0.5719   0.20937   0.20688   0.0276  0.7000  0.0062  -1.4954   0.0000   0.2883
 -16.800  -0.5688   0.20800   0.20551   0.0269  0.7000  0.0062  -1.4987   0.0000   0.2874
 -16.700  -0.5658   0.20663   0.20413   0.0262  0.7000  0.0062  -1.5021   0.0000   0.2865
 -16.600  -0.5627   0.20525   0.20275   0.0255  0.7000  0.0062  -1.5057   0.0000   0.2856
 -16.500  -0.5597   0.20386   0.20137   0.0248  0.7000  0.0062  -1.5093   0.0000   0.2846
 -16.400  -0.5566   0.20248   0.19998   0.0242  0.7000  0.0062  -1.5131   0.0000   0.2837
 -16.300  -0.5536   0.20109   0.19859   0.0235  0.7000  0.0062  -1.5170   0.0000   0.2828
 -16.200  -0.5506   0.19969   0.19720   0.0228  0.7000  0.0062  -1.5210   0.0000   0.2818
 -16.100  -0.5476   0.19830   0.19580   0.0221  0.7000  0.0062  -1.5251   0.0000   0.2809
 -16.000  -0.5446   0.19690   0.19441   0.0214  0.7000  0.0062  -1.5293   0.0000   0.2799
 -15.900  -0.5416   0.19550   0.19300   0.0208  0.7000  0.0062  -1.5337   0.0000   0.2790
 -15.800  -0.5386   0.19409   0.19160   0.0201  0.7000  0.0062  -1.5379   0.0000   0.2780
 -15.700  -0.5356   0.19269   0.19019   0.0194  0.7000  0.0062  -1.5423   0.0000   0.2770
 -15.600  -0.5327   0.19128   0.18878   0.0188  0.7000  0.0062  -1.5467   0.0000   0.2760
 -15.500  -0.5297   0.18986   0.18737   0.0181  0.7000  0.0062  -1.5513   0.0000   0.2750
 -15.400  -0.5268   0.18844   0.18595   0.0175  0.7000  0.0062  -1.5560   0.0000   0.2740
 -15.300  -0.5239   0.18702   0.18453   0.0168  0.7000  0.0062  -1.5609   0.0000   0.2730
 -15.200  -0.5210   0.18560   0.18311   0.0161  0.7000  0.0062  -1.5659   0.0000   0.2720
 -15.100  -0.5181   0.18417   0.18168   0.0155  0.7000  0.0062  -1.5711   0.0000   0.2709
 -15.000  -0.5153   0.18274   0.18025   0.0148  0.7000  0.0062  -1.5764   0.0000   0.2699
 -14.900  -0.5124   0.18131   0.17882   0.0142  0.7000  0.0062  -1.5819   0.0000   0.2689
 -14.800  -0.5096   0.17987   0.17738   0.0136  0.7000  0.0062  -1.5876   0.0000   0.2678
 -14.700  -0.5068   0.17844   0.17594   0.0129  0.7000  0.0062  -1.5934   0.0000   0.2667
 -14.600  -0.5040   0.17699   0.17450   0.0123  0.7000  0.0062  -1.5994   0.0000   0.2656
 -14.500  -0.5012   0.17555   0.17306   0.0116  0.7000  0.0062  -1.6056   0.0000   0.2646
 -14.400  -0.4985   0.17410   0.17161   0.0110  0.7000  0.0062  -1.6120   0.0000   0.2635
 -14.300  -0.4957   0.17265   0.17016   0.0104  0.7000  0.0062  -1.6186   0.0000   0.2624
 -14.200  -0.4930   0.17120   0.16871   0.0097  0.7000  0.0062  -1.6253   0.0000   0.2612
 -14.100  -0.4903   0.16974   0.16726   0.0091  0.7000  0.0062  -1.6323   0.0000   0.2601
 -14.000  -0.4877   0.16829   0.16580   0.0085  0.7000  0.0062  -1.6396   0.0000   0.2590
 -13.900  -0.4851   0.16683   0.16434   0.0079  0.7000  0.0062  -1.6478   0.0000   0.2578
 -13.800  -0.4825   0.16537   0.16288   0.0072  0.7000  0.0062  -1.6567   0.0000   0.2567
 -13.700  -0.4799   0.16390   0.16142   0.0066  0.7000  0.0062  -1.6659   0.0000   0.2555
 -13.600  -0.4774   0.16244   0.15996   0.0060  0.7000  0.0062  -1.6755   0.0000   0.2544
 -13.500  -0.4749   0.16098   0.15849   0.0054  0.7000  0.0062  -1.6854   0.0000   0.2532
 -13.400  -0.4724   0.15951   0.15703   0.0048  0.7000  0.0062  -1.6955   0.0000   0.2520
 -13.300  -0.4700   0.15805   0.15557   0.0042  0.7000  0.0062  -1.7060   0.0000   0.2508
 -13.200  -0.4676   0.15659   0.15411   0.0036  0.7000  0.0062  -1.7168   0.0000   0.2497
 -13.100  -0.4653   0.15513   0.15266   0.0030  0.7000  0.0062  -1.7281   0.0000   0.2485
 -13.000  -0.4631   0.15368   0.15121   0.0025  0.7000  0.0062  -1.7399   0.0000   0.2473
 -12.900  -0.4609   0.15223   0.14976   0.0019  0.7000  0.0062  -1.7521   0.0000   0.2461
 -12.800  -0.4587   0.15079   0.14831   0.0013  0.7000  0.0063  -1.7648   0.0000   0.2449
 -12.700  -0.4565   0.14932   0.14685   0.0007  0.7000  0.0063  -1.7780   0.0000   0.2437
 -12.600  -0.4673   0.14364   0.14119  -0.0007  0.7000  0.0067  -2.2041   0.0000   0.2405
 -12.500  -0.4651   0.14230   0.13985  -0.0012  0.7000  0.0068  -2.1908   0.0000   0.2394
 -12.400  -0.4624   0.14104   0.13860  -0.0017  0.7000  0.0069  -2.1692   0.0000   0.2383
 -12.300  -0.4596   0.13983   0.13739  -0.0022  0.7000  0.0069  -2.1441   0.0000   0.2372
 -12.200  -0.4566   0.13869   0.13624  -0.0027  0.7000  0.0070  -2.1124   0.0000   0.2362
 -12.100  -0.4536   0.13754   0.13510  -0.0032  0.7000  0.0071  -2.0817   0.0000   0.2352
 -12.000  -0.4506   0.13639   0.13394  -0.0037  0.7000  0.0071  -2.0520   0.0000   0.2341
 -11.900  -0.4477   0.13523   0.13278  -0.0042  0.7000  0.0072  -2.0236   0.0000   0.2330
 -11.800  -0.4447   0.13406   0.13162  -0.0047  0.7000  0.0073  -1.9964   0.0000   0.2319
 -11.700  -0.4418   0.13287   0.13044  -0.0052  0.7000  0.0074  -1.9711   0.0000   0.2307
 -11.600  -0.4391   0.13162   0.12917  -0.0058  0.7000  0.0074  -1.9519   0.0000   0.2295
 -11.500  -0.4362   0.13045   0.12799  -0.0063  0.7000  0.0076  -1.9270   0.0000   0.2283
 -11.400  -0.4334   0.12926   0.12681  -0.0068  0.7000  0.0077  -1.9033   0.0000   0.2271
 -11.300  -0.4305   0.12807   0.12563  -0.0074  0.7000  0.0078  -1.8809   0.0000   0.2258
 -11.200  -0.4277   0.12688   0.12443  -0.0079  0.7000  0.0080  -1.8600   0.0000   0.2245
 -11.100  -0.4250   0.12567   0.12323  -0.0084  0.7000  0.0082  -1.8405   0.0000   0.2232
 -11.000  -0.4223   0.12446   0.12202  -0.0089  0.7000  0.0084  -1.8227   0.0000   0.2219
 -10.900  -0.4197   0.12323   0.12080  -0.0095  0.7000  0.0086  -1.8067   0.0000   0.2206
 -10.800  -0.4171   0.12200   0.11957  -0.0100  0.7000  0.0089  -1.7929   0.0000   0.2192
 -10.700  -0.4146   0.12076   0.11833  -0.0106  0.7000  0.0094  -1.7819   0.0000   0.2178
 -10.600  -0.4120   0.11949   0.11706  -0.0111  0.7000  0.0100  -1.7755   0.0000   0.2163
 -10.500  -0.4067   0.11846   0.11603  -0.0120  0.7000  0.0114  -1.7847   0.0000   0.2139
 -10.400  -0.4037   0.11720   0.11478  -0.0128  0.7000  0.0116  -1.8032   0.0000   0.2117
 -10.300  -0.4012   0.11579   0.11337  -0.0134  0.7000  0.0117  -1.8287   0.0000   0.2099
 -10.200  -0.3993   0.11422   0.11181  -0.0142  0.7000  0.0118  -1.8804   0.0000   0.2079
 -10.100  -0.3978   0.11247   0.11006  -0.0151  0.7000  0.0119  -1.9908   0.0000   0.2055
 -10.000  -0.3957   0.11101   0.10861  -0.0158  0.7000  0.0120  -2.0105   0.0000   0.2036
  -9.900  -0.3935   0.10959   0.10719  -0.0165  0.7000  0.0120  -2.0174   0.0000   0.2017
  -9.800  -0.3914   0.10818   0.10578  -0.0171  0.7000  0.0120  -2.0205   0.0000   0.1999
  -9.700  -0.3893   0.10677   0.10437  -0.0178  0.7000  0.0120  -2.0218   0.0000   0.1980
  -9.600  -0.3873   0.10537   0.10298  -0.0184  0.7000  0.0120  -2.0221   0.0000   0.1962
  -9.500  -0.3853   0.10398   0.10159  -0.0190  0.7000  0.0120  -2.0219   0.0000   0.1943
  -9.400  -0.3834   0.10259   0.10020  -0.0197  0.7000  0.0120  -2.0215   0.0000   0.1925
  -9.300  -0.3814   0.10120   0.09882  -0.0203  0.7000  0.0120  -2.0209   0.0000   0.1906
  -9.200  -0.3794   0.09979   0.09741  -0.0210  0.7000  0.0120  -2.0200   0.0000   0.1887
  -9.100  -0.3774   0.09837   0.09599  -0.0217  0.7000  0.0120  -2.0191   0.0000   0.1866
  -9.000  -0.3754   0.09695   0.09458  -0.0223  0.7000  0.0120  -2.0182   0.0000   0.1845
  -8.900  -0.3734   0.09553   0.09316  -0.0230  0.7000  0.0121  -2.0176   0.0000   0.1824
  -8.800  -0.3715   0.09411   0.09175  -0.0237  0.7000  0.0121  -2.0173   0.0000   0.1803
  -8.700  -0.3697   0.09269   0.09033  -0.0244  0.7000  0.0121  -2.0173   0.0000   0.1782
  -8.600  -0.3680   0.09127   0.08893  -0.0251  0.7000  0.0121  -2.0178   0.0000   0.1760
  -8.500  -0.3663   0.08985   0.08751  -0.0259  0.7000  0.0121  -2.0187   0.0000   0.1738
  -8.400  -0.3645   0.08841   0.08607  -0.0266  0.7000  0.0121  -2.0200   0.0000   0.1714
  -8.300  -0.3628   0.08696   0.08463  -0.0274  0.7000  0.0121  -2.0218   0.0000   0.1690
  -8.200  -0.3613   0.08552   0.08319  -0.0282  0.7000  0.0121  -2.0244   0.0000   0.1665
  -8.100  -0.3599   0.08407   0.08175  -0.0290  0.7000  0.0121  -2.0278   0.0000   0.1640
  -8.000  -0.3584   0.08260   0.08029  -0.0299  0.7000  0.0121  -2.0318   0.0000   0.1614
  -7.900  -0.3572   0.08112   0.07882  -0.0308  0.7000  0.0121  -2.0370   0.0000   0.1586
  -7.800  -0.3561   0.07963   0.07733  -0.0318  0.7000  0.0121  -2.0433   0.0000   0.1557
  -7.700  -0.3552   0.07811   0.07583  -0.0328  0.7000  0.0121  -2.0513   0.0000   0.1526
  -7.600  -0.3815   0.07032   0.06807  -0.0398  0.7000  0.0126  -2.5503   0.0000   0.1410
  -7.500  -0.3816   0.06777   0.06551  -0.0424  0.7000  0.0128  -2.6183   0.0000   0.1342
  -7.400  -0.3787   0.06587   0.06361  -0.0443  0.7000  0.0129  -2.6374   0.0000   0.1283
  -7.300  -0.3748   0.06412   0.06185  -0.0460  0.7000  0.0130  -2.6451   0.0000   0.1226
  -7.200  -0.3704   0.06244   0.06016  -0.0477  0.7000  0.0131  -2.6470   0.0000   0.1168
  -7.100  -0.3656   0.06079   0.05851  -0.0492  0.7000  0.0132  -2.6453   0.0000   0.1110
  -7.000  -0.3603   0.05917   0.05687  -0.0506  0.7000  0.0133  -2.6415   0.0000   0.1051
  -6.900  -0.3547   0.05763   0.05531  -0.0519  0.7000  0.0134  -2.6323   0.0000   0.0992
  -6.800  -0.3486   0.05622   0.05388  -0.0531  0.7000  0.0135  -2.6135   0.0000   0.0934
  -6.700  -0.3423   0.05480   0.05245  -0.0542  0.7000  0.0136  -2.5950   0.0000   0.0874
  -6.600  -0.3357   0.05342   0.05105  -0.0552  0.7000  0.0138  -2.5732   0.0000   0.0813
  -6.500  -0.3288   0.05212   0.04973  -0.0561  0.7000  0.0139  -2.5460   0.0000   0.0750
  -6.400  -0.3216   0.05085   0.04843  -0.0570  0.7000  0.0141  -2.5161   0.0000   0.0685
  -6.300  -0.3143   0.04961   0.04717  -0.0578  0.7000  0.0143  -2.4846   0.0000   0.0618
  -6.200  -0.3067   0.04835   0.04589  -0.0586  0.7000  0.0145  -2.4541   0.0000   0.0548
  -6.000  -0.3274   0.02219   0.01866  -0.0635  0.7000  0.0136  -4.2454   0.0000   0.0498
  -5.900  -0.3168   0.02216   0.01863  -0.0635  0.7000  0.0138  -4.1133   0.0000   0.0434
  -5.800  -0.3060   0.02224   0.01871  -0.0635  0.7000  0.0141  -3.9747   0.0000   0.0362
  -5.700  -0.2949   0.02239   0.01887  -0.0635  0.7000  0.0143  -3.8315   0.0000   0.0284
  -5.600  -0.2838   0.02260   0.01909  -0.0636  0.7000  0.0146  -3.6877   0.0000   0.0199
  -5.500  -0.2727   0.02285   0.01936  -0.0636  0.7000  0.0149  -3.5436   0.0000   0.0106
  -5.400  -0.2614   0.02318   0.01971  -0.0637  0.7000  0.0152  -3.3949   0.0000   0.0003
  -5.300  -0.2499   0.02364   0.02020  -0.0637  0.7000  0.0157  -3.2374   0.0000  -0.0112
  -5.200  -0.2378   0.02442   0.02102  -0.0639  0.7000  0.0164  -3.0576   0.0000  -0.0246
  -5.100  -0.2090   0.03356   0.03065  -0.0637  0.7000  0.0195  -2.3301   0.0000  -0.0604
  -5.000  -0.2009   0.03149   0.02849  -0.0639  0.7000  0.0196  -2.3752   0.0000  -0.0736
  -4.900  -0.2355   0.00973   0.00440  -0.0585  0.7000  0.0143  -4.4241   0.0000  -0.0059
  -4.800  -0.2241   0.00972   0.00443  -0.0585  0.7000  0.0152  -4.3023   0.0000  -0.0187
  -4.700  -0.2126   0.00974   0.00446  -0.0585  0.7000  0.0158  -4.1775   0.0000  -0.0329
  -4.600  -0.2012   0.00972   0.00446  -0.0585  0.7000  0.0163  -4.0574   0.0000  -0.0486
  -4.500  -0.1899   0.00967   0.00441  -0.0585  0.7000  0.0168  -3.9420   0.0000  -0.0658
  -4.400  -0.1787   0.00960   0.00433  -0.0584  0.7000  0.0172  -3.8308   0.0000  -0.0850
  -4.300  -0.1676   0.00949   0.00421  -0.0583  0.7000  0.0175  -3.7229   0.0000  -0.1065
  -4.200  -0.1565   0.00937   0.00407  -0.0582  0.7000  0.0178  -3.6180   0.0000  -0.1308
  -4.100  -0.1457   0.00917   0.00382  -0.0581  0.7000  0.0179  -3.5172   0.0000  -0.1577
  -4.000  -0.1346   0.00905   0.00369  -0.0580  0.7000  0.0181  -3.4150   0.0000  -0.1903
  -3.900  -0.1235   0.00894   0.00356  -0.0579  0.7000  0.0184  -3.3141   0.0000  -0.2286
  -3.800  -0.1125   0.00882   0.00343  -0.0578  0.7000  0.0186  -3.2143   0.0000  -0.2746
  -3.700  -0.1014   0.00871   0.00331  -0.0577  0.7000  0.0188  -3.1156   0.0000  -0.3306
  -3.600  -0.0903   0.00860   0.00319  -0.0576  0.7000  0.0190  -3.0177   0.0000  -0.4004
  -3.500  -0.0796   0.00852   0.00308  -0.0575  0.6946  0.0192  -2.9222   0.0000  -0.4854
  -3.400  -0.0691   0.00847   0.00297  -0.0573  0.6857  0.0193  -2.8284   0.0000  -0.5933
  -3.300  -0.0581   0.00840   0.00288  -0.0571  0.6809  0.0195  -2.7331   0.0000  -0.7498
  -3.200  -0.0472   0.00834   0.00279  -0.0570  0.6752  0.0196  -2.6387   0.0000  -0.9770
  -3.100  -0.0364   0.00829   0.00272  -0.0569  0.6692  0.0197  -2.5453   0.0000  -1.3369
  -3.000  -0.0260   0.00819   0.00256  -0.0566  0.6625  0.0199  -2.4614   0.0000  -1.9642
  -2.900  -0.0168   0.00772   0.00199  -0.0561  0.6560  0.0246  -2.4260   0.0000  -3.1264
  -2.800  -0.0057   0.00768   0.00196  -0.0560  0.6527  0.0261  -2.3319   0.0000  -9.6999
  -2.700   0.0054   0.00765   0.00193  -0.0559  0.6485  0.0273  -2.2384   0.0000  10.7319
  -2.600   0.0164   0.00764   0.00190  -0.0559  0.6437  0.0281  -2.1461   0.0000   3.6867
  -2.500   0.0274   0.00764   0.00189  -0.0558  0.6383  0.0286  -2.0537   0.0000   2.3050
  -2.400   0.0384   0.00768   0.00190  -0.0557  0.6319  0.0290  -1.9666   0.0000   1.7147
  -2.300   0.0495   0.00771   0.00193  -0.0556  0.6259  0.0292  -1.8933   0.0000   1.3838
  -2.200   0.0599   0.00748   0.00164  -0.0553  0.6231  0.0322  -1.8516   0.0000   1.1829
  -2.100   0.0708   0.00739   0.00155  -0.0552  0.6196  0.0349  -1.7928   0.0000   1.0369
  -2.000   0.0817   0.00734   0.00147  -0.0551  0.6155  0.0366  -1.7244   0.0000   0.9296
  -1.900   0.0927   0.00732   0.00144  -0.0550  0.6110  0.0385  -1.6617   0.0000   0.8477
  -1.800   0.1036   0.00731   0.00141  -0.0549  0.6063  0.0397  -1.5982   0.0000   0.7832
  -1.700   0.1146   0.00733   0.00140  -0.0548  0.6008  0.0403  -1.5342   0.0000   0.7310
  -1.600   0.1252   0.00724   0.00129  -0.0546  0.5957  0.0451  -1.4808   0.0000   0.6884
  -1.500   0.1363   0.00717   0.00126  -0.0545  0.5939  0.0489  -1.4203   0.0000   0.6519
  -1.400   0.1475   0.00714   0.00123  -0.0545  0.5916  0.0516  -1.3589   0.0000   0.6208
  -1.300   0.1587   0.00713   0.00121  -0.0544  0.5887  0.0530  -1.2974   0.0000   0.5941
  -1.200   0.1696   0.00707   0.00115  -0.0543  0.5853  0.0585  -1.2404   0.0000   0.5710
  -1.100   0.1805   0.00703   0.00113  -0.0542  0.5815  0.0636  -1.1823   0.0000   0.5508
  -1.000   0.1914   0.00702   0.00111  -0.0541  0.5772  0.0668  -1.1241   0.0000   0.5329
  -0.700   0.2241   0.00696   0.00105  -0.0538  0.5638  0.0833  -0.9551   0.0000   0.4898
  -0.600   0.2352   0.00691   0.00103  -0.0537  0.5619  0.0929  -0.8999   0.0000   0.4780
  -0.500   0.2463   0.00687   0.00102  -0.0537  0.5595  0.1001  -0.8451   0.0000   0.4674
  -0.400   0.2573   0.00683   0.00100  -0.0536  0.5568  0.1100  -0.7915   0.0000   0.4576
  -0.300   0.2683   0.00680   0.00099  -0.0535  0.5538  0.1186  -0.7387   0.0000   0.4487
  -0.200   0.2792   0.00677   0.00098  -0.0534  0.5505  0.1299  -0.6979   0.0000   0.4404
  -0.100   0.2901   0.00675   0.00098  -0.0533  0.5468  0.1402  -0.6578   0.0000   0.4328
   0.000   0.3008   0.00672   0.00097  -0.0532  0.5425  0.1564  -0.6380   0.0000   0.4258
   0.100   0.3115   0.00671   0.00096  -0.0531  0.5372  0.1695  -0.6471   0.0000   0.4192
   0.200   0.3223   0.00667   0.00096  -0.0530  0.5333  0.1890  -0.6561   0.0000   0.4131
   0.300   0.3332   0.00659   0.00096  -0.0529  0.5319  0.2142  -0.6653   0.0000   0.4074
   0.400   0.3439   0.00650   0.00096  -0.0528  0.5299  0.2455  -0.6744   0.0000   0.4021
   0.500   0.3544   0.00640   0.00096  -0.0527  0.5275  0.2849  -0.6835   0.0000   0.3971
   0.600   0.3644   0.00624   0.00096  -0.0525  0.5247  0.3501  -0.6929   0.0000   0.3924
   0.700   0.3680   0.00546   0.00096  -0.0513  0.5220  0.6428  -0.6987   0.0000   0.3875
   0.800   0.3721   0.00502   0.00098  -0.0498  0.5193  0.8000  -0.7049   0.0000   0.3818
   0.900   0.3833   0.00505   0.00098  -0.0497  0.5157  0.8000  -0.7152   0.0000   0.3777
   1.000   0.3945   0.00509   0.00098  -0.0497  0.5116  0.8000  -0.7255   0.0000   0.3738
   1.100   0.4057   0.00513   0.00099  -0.0496  0.5067  0.8000  -0.7358   0.0000   0.3702
   1.200   0.4169   0.00517   0.00100  -0.0496  0.5021  0.8000  -0.7461   0.0000   0.3667
   1.300   0.4284   0.00518   0.00100  -0.0496  0.5010  0.8000  -0.7567   0.0000   0.3635
   1.400   0.4399   0.00519   0.00100  -0.0496  0.4994  0.8000  -0.7673   0.0000   0.3604
   1.500   0.4514   0.00520   0.00101  -0.0496  0.4972  0.8000  -0.7779   0.0000   0.3575
   1.600   0.4628   0.00522   0.00101  -0.0496  0.4945  0.8000  -0.7885   0.0000   0.3547
   1.700   0.4741   0.00525   0.00102  -0.0496  0.4914  0.8000  -0.7996   0.0000   0.3520
   1.800   0.4854   0.00528   0.00103  -0.0496  0.4881  0.8000  -0.8111   0.0000   0.3495
   1.900   0.4966   0.00532   0.00104  -0.0496  0.4846  0.8000  -0.8226   0.0000   0.3470
   2.000   0.5077   0.00536   0.00105  -0.0495  0.4806  0.8000  -0.8341   0.0000   0.3447
   2.100   0.5189   0.00541   0.00107  -0.0495  0.4757  0.8000  -0.8455   0.0000   0.3424
   2.200   0.5299   0.00546   0.00109  -0.0494  0.4707  0.8000  -0.8569   0.0000   0.3403
   2.300   0.5414   0.00547   0.00111  -0.0495  0.4696  0.8000  -0.8687   0.0000   0.3383
   2.400   0.5529   0.00548   0.00112  -0.0495  0.4681  0.8000  -0.8805   0.0000   0.3363
   2.500   0.5643   0.00550   0.00113  -0.0495  0.4661  0.8000  -0.8923   0.0000   0.3344
   2.600   0.5757   0.00552   0.00115  -0.0495  0.4635  0.8000  -0.9044   0.0000   0.3326
   2.700   0.5869   0.00555   0.00116  -0.0495  0.4605  0.8000  -0.9173   0.0000   0.3309
   2.800   0.5982   0.00558   0.00118  -0.0494  0.4573  0.8000  -0.9301   0.0000   0.3292
   2.900   0.6093   0.00562   0.00120  -0.0494  0.4539  0.8000  -0.9430   0.0000   0.3275
   3.000   0.6204   0.00567   0.00122  -0.0494  0.4498  0.8000  -0.9558   0.0000   0.3259
   3.100   0.6314   0.00573   0.00124  -0.0493  0.4447  0.8000  -0.9685   0.0000   0.3244
   3.200   0.6424   0.00578   0.00127  -0.0493  0.4392  0.8000  -0.9812   0.0000   0.3229
   3.300   0.6539   0.00580   0.00129  -0.0493  0.4381  0.8000  -0.9945   0.0000   0.3215
   3.400   0.6653   0.00581   0.00131  -0.0493  0.4365  0.8000  -1.0085   0.0000   0.3201
   3.500   0.6766   0.00584   0.00133  -0.0493  0.4345  0.8000  -1.0230   0.0000   0.3188
   3.600   0.6879   0.00586   0.00136  -0.0493  0.4320  0.8000  -1.0374   0.0000   0.3175
   3.700   0.6991   0.00590   0.00138  -0.0493  0.4290  0.8000  -1.0519   0.0000   0.3163
   3.800   0.7103   0.00594   0.00141  -0.0492  0.4255  0.8000  -1.0663   0.0000   0.3150
   3.900   0.7213   0.00599   0.00143  -0.0492  0.4214  0.8000  -1.0807   0.0000   0.3138
   4.000   0.7322   0.00605   0.00147  -0.0491  0.4163  0.8000  -1.0962   0.0000   0.3126
   4.100   0.7431   0.00612   0.00151  -0.0491  0.4105  0.8000  -1.1120   0.0000   0.3115
   4.200   0.7543   0.00616   0.00154  -0.0490  0.4072  0.8000  -1.1280   0.0000   0.3104
   4.300   0.7657   0.00617   0.00157  -0.0490  0.4059  0.8000  -1.1444   0.0000   0.3093
   4.400   0.7770   0.00620   0.00162  -0.0490  0.4038  0.8000  -1.1622   0.0000   0.3083
   4.500   0.7882   0.00623   0.00165  -0.0490  0.4010  0.8000  -1.1803   0.0000   0.3073
   4.600   0.7993   0.00627   0.00169  -0.0490  0.3973  0.8000  -1.1994   0.0000   0.3063
   4.700   0.8103   0.00633   0.00172  -0.0490  0.3932  0.8000  -1.2315   0.0000   0.3053
   4.800   0.8211   0.00640   0.00176  -0.0489  0.3878  0.8000  -1.2713   0.0000   0.3043
   4.900   0.8318   0.00648   0.00181  -0.0488  0.3805  0.8000  -1.3127   0.0000   0.3034
   5.000   0.8428   0.00653   0.00185  -0.0487  0.3758  0.8000  -1.3623   0.0000   0.3025
   5.100   0.8541   0.00656   0.00188  -0.0487  0.3728  0.8000  -1.4159   0.0000   0.3016
   5.200   0.8651   0.00661   0.00192  -0.0487  0.3674  0.8000  -1.4694   0.0000   0.3007
   5.300   0.8757   0.00669   0.00197  -0.0486  0.3598  0.8000  -1.5226   0.0000   0.2998
   5.400   0.8861   0.00680   0.00202  -0.0485  0.3504  0.8000  -1.5757   0.0000   0.2989
   5.500   0.8970   0.00686   0.00207  -0.0484  0.3448  0.8000  -1.6306   0.0000   0.2981
   5.600   0.9082   0.00690   0.00212  -0.0484  0.3419  0.8000  -1.6867   0.0000   0.2973
   5.700   0.9192   0.00695   0.00216  -0.0484  0.3381  0.8000  -1.7430   0.0000   0.2965
   5.800   0.9299   0.00702   0.00222  -0.0483  0.3328  0.8000  -1.7993   0.0000   0.2957
   5.900   0.9403   0.00713   0.00228  -0.0482  0.3246  0.8000  -1.8624   0.0000   0.2949
   6.000   0.9508   0.00724   0.00235  -0.0480  0.3150  0.8000  -1.9342   0.0000   0.2941
   6.100   0.9617   0.00730   0.00240  -0.0480  0.3101  0.8000  -2.0086   0.0000   0.2934
   6.200   0.9722   0.00739   0.00247  -0.0479  0.3022  0.8000  -2.0824   0.0000   0.2926
   6.300   0.9821   0.00755   0.00256  -0.0477  0.2904  0.8000  -2.1550   0.0000   0.2918
   6.400   0.9930   0.00761   0.00265  -0.0476  0.2870  0.8000  -2.2403   0.0000   0.2911
   6.500   1.0039   0.00767   0.00271  -0.0476  0.2827  0.8000  -2.3196   0.0000   0.2904
   6.600   1.0144   0.00776   0.00278  -0.0475  0.2759  0.8000  -2.3980   0.0000   0.2897
   6.700   1.0242   0.00793   0.00289  -0.0473  0.2646  0.8000  -2.4741   0.0000   0.2890
   6.800   1.0345   0.00805   0.00298  -0.0471  0.2543  0.8000  -2.5526   0.0000   0.2883
   6.900   1.0443   0.00822   0.00308  -0.0469  0.2420  0.8000  -2.6301   0.0000   0.2875
   7.000   1.0538   0.00842   0.00321  -0.0467  0.2273  0.8000  -2.7071   0.0000   0.2868
   7.100   1.0635   0.00859   0.00333  -0.0465  0.2153  0.8000  -2.7857   0.0000   0.2861
   7.200   1.0728   0.00881   0.00346  -0.0462  0.2007  0.8000  -2.8634   0.0000   0.2853
   7.300   1.0820   0.00903   0.00361  -0.0459  0.1866  0.8000  -2.9414   0.0000   0.2846
   7.400   1.0912   0.00925   0.00377  -0.0457  0.1715  0.8000  -3.0198   0.0000   0.2838
   7.500   1.0996   0.00957   0.00397  -0.0453  0.1524  0.8000  -3.0952   0.0000   0.2830
   7.600   1.1078   0.00989   0.00418  -0.0449  0.1341  0.8000  -3.1707   0.0000   0.2823
   7.700   1.1160   0.01021   0.00440  -0.0445  0.1161  0.8000  -3.2468   0.0000   0.2815
   7.800   1.1241   0.01054   0.00463  -0.0440  0.0983  0.8000  -3.3226   0.0000   0.2807
   7.900   1.1322   0.01087   0.00486  -0.0436  0.0823  0.8000  -3.3991   0.0000   0.2799
   8.000   1.1403   0.01119   0.00509  -0.0432  0.0685  0.8000  -3.4763   0.0000   0.2792
   8.100   1.1485   0.01150   0.00533  -0.0428  0.0562  0.8000  -3.5541   0.0000   0.2784
   8.200   1.1574   0.01173   0.00552  -0.0425  0.0497  0.8000  -3.6363   0.0000   0.2777
   8.300   1.1662   0.01198   0.00572  -0.0421  0.0419  0.8000  -3.7179   0.0000   0.2770
   8.400   1.1756   0.01216   0.00591  -0.0419  0.0386  0.8000  -3.8245   0.0000   0.2764
   8.500   1.1843   0.01240   0.00611  -0.0415  0.0335  0.8000  -3.9326   0.0000   0.2757
   8.600   1.1936   0.01258   0.00629  -0.0412  0.0297  0.8000  -4.0437   0.0000   0.2750
   8.700   1.2030   0.01276   0.00646  -0.0410  0.0276  0.8000  -4.1569   0.0000   0.2744
   8.800   1.2116   0.01301   0.00667  -0.0406  0.0246  0.8000  -4.2651   0.0000   0.2737
   8.900   1.2196   0.01332   0.00699  -0.0401  0.0202  0.8000  -4.3613   0.0000   0.2730
   9.000   1.2296   0.01343   0.00710  -0.0399  0.0199  0.8000  -4.4829   0.0000   0.2724
   9.100   1.2393   0.01355   0.00724  -0.0397  0.0195  0.8000  -4.6041   0.0000   0.2719
   9.200   1.2488   0.01369   0.00739  -0.0395  0.0188  0.8000  -4.7243   0.0000   0.2713
   9.300   1.2580   0.01386   0.00757  -0.0392  0.0178  0.8000  -4.8426   0.0000   0.2707
   9.400   1.2667   0.01408   0.00777  -0.0389  0.0166  0.8000  -4.9576   0.0000   0.2701
   9.500   1.2705   0.01478   0.00855  -0.0376  0.0122  0.8000  -4.9956   0.0000   0.2689
   9.600   1.2800   0.01491   0.00869  -0.0374  0.0121  0.8000  -5.1200   0.0000   0.2683
   9.700   1.2893   0.01505   0.00884  -0.0372  0.0120  0.8000  -5.2439   0.0000   0.2678
   9.800   1.2984   0.01521   0.00901  -0.0369  0.0118  0.8000  -5.3668   0.0000   0.2672
   9.900   1.3073   0.01538   0.00920  -0.0366  0.0117  0.8000  -5.4887   0.0000   0.2666
  10.000   1.3161   0.01557   0.00940  -0.0362  0.0115  0.8000  -5.6096   0.0000   0.2660
  10.100   1.3246   0.01577   0.00962  -0.0358  0.0113  0.8000  -5.7298   0.0000   0.2654
  10.200   1.3329   0.01598   0.00986  -0.0354  0.0112  0.8000  -5.8495   0.0000   0.2648
  10.300   1.3411   0.01620   0.01010  -0.0350  0.0110  0.8000  -5.9689   0.0000   0.2641
  10.400   1.3491   0.01642   0.01035  -0.0346  0.0108  0.8000  -6.0881   0.0000   0.2635
  10.500   1.3573   0.01663   0.01059  -0.0341  0.0106  0.8000  -6.2085   0.0000   0.2629
  10.600   1.3653   0.01684   0.01082  -0.0337  0.0103  0.8000  -6.3289   0.0000   0.2623
  10.700   1.3730   0.01707   0.01108  -0.0332  0.0102  0.8000  -6.4494   0.0000   0.2616
  10.800   1.3806   0.01731   0.01133  -0.0327  0.0100  0.8000  -6.5702   0.0000   0.2610
  10.900   1.3881   0.01754   0.01159  -0.0322  0.0098  0.8000  -6.6916   0.0000   0.2603
  11.000   1.3954   0.01778   0.01185  -0.0317  0.0096  0.8000  -6.8136   0.0000   0.2597
  11.100   1.4026   0.01802   0.01211  -0.0312  0.0094  0.8000  -6.9360   0.0000   0.2590
  11.200   1.4096   0.01827   0.01237  -0.0306  0.0092  0.8000  -7.0582   0.0000   0.2584
  11.300   1.4165   0.01852   0.01263  -0.0300  0.0090  0.8000  -7.1800   0.0000   0.2577
  11.400   1.4227   0.01877   0.01290  -0.0294  0.0088  0.8000  -7.2987   0.0000   0.2570
  11.500   1.4280   0.01903   0.01317  -0.0285  0.0085  0.8000  -7.4102   0.0000   0.2561
  11.600   1.4329   0.01931   0.01348  -0.0276  0.0083  0.8000  -7.5168   0.0000   0.2553
  11.700   1.4369   0.01966   0.01385  -0.0266  0.0079  0.8000  -7.6129   0.0000   0.2543
  11.800   1.4385   0.02015   0.01437  -0.0253  0.0074  0.8000  -7.6807   0.0000   0.2532
  11.900   1.4100   0.02244   0.01692  -0.0204  0.0061  0.8000  -7.4079   0.0000   0.2500
  12.000   1.4201   0.02243   0.01690  -0.0203  0.0061  0.8000  -7.5715   0.0000   0.2497
  12.100   1.4293   0.02249   0.01694  -0.0201  0.0061  0.8000  -7.7267   0.0000   0.2493
  12.200   1.4375   0.02260   0.01705  -0.0198  0.0060  0.8000  -7.8734   0.0000   0.2488
  12.300   1.4449   0.02277   0.01723  -0.0195  0.0059  0.8000  -8.0112   0.0000   0.2483
  12.400   1.4512   0.02302   0.01748  -0.0190  0.0059  0.8000  -8.1383   0.0000   0.2478
  12.500   1.4564   0.02334   0.01781  -0.0184  0.0058  0.8000  -8.2536   0.0000   0.2471
  12.600   1.4605   0.02373   0.01823  -0.0178  0.0057  0.8000  -8.3562   0.0000   0.2465
  12.700   1.4635   0.02422   0.01875  -0.0171  0.0056  0.8000  -8.4457   0.0000   0.2458
  12.800   1.4655   0.02478   0.01935  -0.0163  0.0055  0.8000  -8.5249   0.0000   0.2451
  12.900   1.4669   0.02543   0.02004  -0.0156  0.0054  0.8000  -8.5958   0.0000   0.2444
  13.000   1.4675   0.02615   0.02081  -0.0149  0.0054  0.8000  -8.6592   0.0000   0.2437
  13.100   1.4676   0.02695   0.02166  -0.0142  0.0053  0.8000  -8.7170   0.0000   0.2431
  13.200   1.4672   0.02782   0.02257  -0.0136  0.0052  0.8000  -8.7692   0.0000   0.2424
  13.300   1.4660   0.02878   0.02360  -0.0130  0.0052  0.8000  -8.8182   0.0000   0.2418
  13.400   1.4647   0.02979   0.02466  -0.0124  0.0052  0.8000  -8.8624   0.0000   0.2413
  13.500   1.4632   0.03087   0.02579  -0.0120  0.0051  0.8000  -8.9035   0.0000   0.2408
  13.600   1.4613   0.03203   0.02701  -0.0117  0.0051  0.8000  -8.9407   0.0000   0.2404
  13.700   1.4594   0.03324   0.02827  -0.0114  0.0051  0.8000  -8.9760   0.0000   0.2400
  13.800   1.4571   0.03451   0.02961  -0.0112  0.0050  0.8000  -9.0079   0.0000   0.2397
  13.900   1.4545   0.03585   0.03100  -0.0110  0.0050  0.8000  -9.0368   0.0000   0.2394
  14.000   1.4519   0.03722   0.03243  -0.0109  0.0050  0.8000  -9.0641   0.0000   0.2391
  14.100   1.4486   0.03867   0.03393  -0.0109  0.0050  0.8000  -9.0860   0.0000   0.2389
  14.200   1.4453   0.04010   0.03542  -0.0108  0.0050  0.8000  -9.1074   0.0000   0.2387
  14.300   1.4415   0.04165   0.03702  -0.0108  0.0050  0.8000  -9.1237   0.0000   0.2385
  14.400   1.4380   0.04318   0.03861  -0.0108  0.0050  0.8000  -9.1412   0.0000   0.2383
  14.500   1.4340   0.04482   0.04030  -0.0110  0.0050  0.8000  -9.1538   0.0000   0.2382
  14.600   1.4300   0.04645   0.04199  -0.0111  0.0050  0.8000  -9.1659   0.0000   0.2381
  14.700   1.4260   0.04811   0.04370  -0.0112  0.0049  0.8000  -9.1767   0.0000   0.2380
  14.800   1.4213   0.04988   0.04553  -0.0114  0.0049  0.8000  -9.1818   0.0000   0.2380
  14.900   1.4171   0.05158   0.04729  -0.0116  0.0049  0.8000  -9.1891   0.0000   0.2379
  15.000   1.4124   0.05337   0.04913  -0.0119  0.0049  0.8000  -9.1921   0.0000   0.2379
  15.100   1.4073   0.05523   0.05105  -0.0122  0.0049  0.8000  -9.1909   0.0000   0.2380
  15.200   1.4026   0.05703   0.05290  -0.0125  0.0049  0.8000  -9.1918   0.0000   0.2380
  15.300   1.3974   0.05888   0.05481  -0.0128  0.0049  0.8000  -9.1881   0.0000   0.2380
  15.400   1.3916   0.06086   0.05685  -0.0132  0.0050  0.8000  -9.1786   0.0000   0.2382
  15.500   1.3864   0.06277   0.05881  -0.0136  0.0050  0.8000  -9.1725   0.0000   0.2383
  15.600   1.3814   0.06470   0.06080  -0.0140  0.0050  0.8000  -9.1659   0.0000   0.2384
  15.700   1.3753   0.06690   0.06306  -0.0146  0.0050  0.8000  -9.1500   0.0000   0.2387
  15.800   1.3698   0.06902   0.06524  -0.0152  0.0050  0.8000  -9.1367   0.0000   0.2390
  15.900   1.3645   0.07111   0.06738  -0.0157  0.0050  0.8000  -9.1241   0.0000   0.2392
  16.000   1.3588   0.07333   0.06966  -0.0164  0.0050  0.8000  -9.1064   0.0000   0.2395
  16.100   1.3524   0.07573   0.07212  -0.0172  0.0050  0.8000  -9.0823   0.0000   0.2400
  16.200   1.3466   0.07800   0.07445  -0.0180  0.0050  0.8000  -9.0613   0.0000   0.2404
  16.300   1.3409   0.08028   0.07678  -0.0187  0.0050  0.8000  -9.0392   0.0000   0.2408
  16.400   1.3342   0.08281   0.07938  -0.0197  0.0050  0.8000  -9.0081   0.0000   0.2414
  16.500   1.3276   0.08535   0.08197  -0.0207  0.0050  0.8000  -8.9765   0.0000   0.2421
  16.600   1.3217   0.08777   0.08445  -0.0216  0.0050  0.8000  -8.9491   0.0000   0.2426
  16.700   1.3157   0.09021   0.08695  -0.0226  0.0051  0.8000  -8.9213   0.0000   0.2432
  16.800   1.3084   0.09300   0.08980  -0.0239  0.0051  0.8000  -8.8812   0.0000   0.2441
  16.900   1.3018   0.09559   0.09244  -0.0250  0.0051  0.8000  -8.8471   0.0000   0.2449
  17.000   1.2955   0.09807   0.09497  -0.0260  0.0051  0.8000  -8.8143   0.0000   0.2456
  17.100   1.2885   0.10075   0.09771  -0.0272  0.0051  0.8000  -8.7746   0.0000   0.2464
  17.200   1.2809   0.10366   0.10067  -0.0287  0.0051  0.8000  -8.7269   0.0000   0.2475
  17.300   1.2744   0.10638   0.10345  -0.0299  0.0051  0.8000  -8.6872   0.0000   0.2484
  17.400   1.2681   0.10911   0.10623  -0.0312  0.0051  0.8000  -8.6473   0.0000   0.2493
  17.500   1.2600   0.11229   0.10947  -0.0329  0.0051  0.8000  -8.5881   0.0000   0.2506
  17.600   1.2530   0.11529   0.11252  -0.0344  0.0051  0.8000  -8.5366   0.0000   0.2518
  17.700   1.2464   0.11821   0.11548  -0.0358  0.0051  0.8000  -8.4873   0.0000   0.2530
  17.800   1.2386   0.12146   0.11879  -0.0376  0.0051  0.8000  -8.4225   0.0000   0.2544
  17.900   1.2307   0.12477   0.12215  -0.0394  0.0051  0.8000  -8.3543   0.0000   0.2559
  18.000   1.2237   0.12789   0.12532  -0.0410  0.0052  0.8000  -8.2922   0.0000   0.2573
  18.100   1.2158   0.13129   0.12877  -0.0429  0.0052  0.8000  -8.2163   0.0000   0.2589
  18.200   1.2073   0.13489   0.13243  -0.0450  0.0052  0.8000  -8.1294   0.0000   0.2607
  18.300   1.1998   0.13824   0.13583  -0.0468  0.0052  0.8000  -8.0506   0.0000   0.2623
  18.400   1.1909   0.14204   0.13968  -0.0490  0.0052  0.8000  -7.9498   0.0000   0.2643
  18.500   1.1821   0.14584   0.14353  -0.0512  0.0052  0.8000  -7.8453   0.0000   0.2664
  18.600   1.1739   0.14953   0.14727  -0.0534  0.0053  0.8000  -7.7424   0.0000   0.2684
  18.700   1.1633   0.15394   0.15174  -0.0560  0.0053  0.8000  -7.6012   0.0000   0.2710
  18.800   1.1541   0.15802   0.15586  -0.0583  0.0053  0.8000  -7.4704   0.0000   0.2734
  18.900   1.1426   0.16288   0.16078  -0.0612  0.0053  0.8000  -7.2956   0.0000   0.2764
  19.000   1.1318   0.16757   0.16552  -0.0639  0.0054  0.8000  -7.1206   0.0000   0.2793
  19.100   1.1183   0.17318   0.17119  -0.0673  0.0054  0.8000  -6.8862   0.0000   0.2830
  19.200   1.1050   0.17860   0.17665  -0.0707  0.0055  0.8000  -6.6334   0.0000   0.2869
  19.300   1.0904   0.18465   0.18275  -0.0743  0.0055  0.8000  -6.3287   0.0000   0.2913


