
    XFLR5_v4.17

 Calculated polar for: NACA 46009

 1 1 Reynolds number fixed          Mach number fixed         

 xtrf =   0.700 (top)        0.800 (bottom)
 Mach =   0.180     Re =     5.000 e 6     Ncrit =  11.000

  alpha     CL        CD       CDp       CM    Top Xtr Bot Xtr   Cpmin    Chinge    XCp    
 ------- -------- --------- --------- -------- ------- ------- -------- --------- ---------
 -18.800  -0.6426   0.22690   0.22510   0.0402  0.7000  0.0025  -2.3050   0.0000   0.3002
 -18.700  -0.6393   0.22574   0.22393   0.0395  0.7000  0.0026  -2.2823   0.0000   0.2995
 -18.600  -0.6360   0.22461   0.22280   0.0388  0.7000  0.0026  -2.2577   0.0000   0.2988
 -18.500  -0.6327   0.22350   0.22169   0.0380  0.7000  0.0026  -2.2324   0.0000   0.2981
 -18.400  -0.6293   0.22239   0.22059   0.0373  0.7000  0.0026  -2.2069   0.0000   0.2974
 -18.300  -0.6259   0.22131   0.21950   0.0366  0.7000  0.0027  -2.1807   0.0000   0.2966
 -18.200  -0.6225   0.22026   0.21845   0.0359  0.7000  0.0027  -2.1527   0.0000   0.2959
 -18.100  -0.6190   0.21922   0.21741   0.0351  0.7000  0.0027  -2.1250   0.0000   0.2952
 -18.000  -0.6156   0.21820   0.21639   0.0344  0.7000  0.0027  -2.0977   0.0000   0.2945
 -17.900  -0.6121   0.21718   0.21537   0.0337  0.7000  0.0028  -2.0707   0.0000   0.2937
 -17.800  -0.6086   0.21618   0.21437   0.0330  0.7000  0.0028  -2.0441   0.0000   0.2930
 -17.700  -0.6051   0.21520   0.21339   0.0323  0.7000  0.0028  -2.0178   0.0000   0.2922
 -17.600  -0.6016   0.21422   0.21241   0.0316  0.7000  0.0028  -1.9919   0.0000   0.2915
 -17.500  -0.5981   0.21323   0.21142   0.0309  0.7000  0.0029  -1.9665   0.0000   0.2907
 -17.400  -0.5946   0.21221   0.21040   0.0301  0.7000  0.0029  -1.9417   0.0000   0.2899
 -17.300  -0.5912   0.21115   0.20934   0.0294  0.7000  0.0029  -1.9174   0.0000   0.2891
 -17.200  -0.5878   0.21002   0.20821   0.0287  0.7000  0.0030  -1.8939   0.0000   0.2883
 -17.100  -0.5844   0.20881   0.20700   0.0280  0.7000  0.0030  -1.8710   0.0000   0.2875
 -17.000  -0.5811   0.20759   0.20578   0.0274  0.7000  0.0031  -1.8481   0.0000   0.2867
 -16.900  -0.5777   0.20639   0.20457   0.0267  0.7000  0.0031  -1.8234   0.0000   0.2859
 -16.800  -0.5744   0.20515   0.20333   0.0260  0.7000  0.0031  -1.8030   0.0000   0.2850
 -16.700  -0.5711   0.20390   0.20209   0.0253  0.7000  0.0032  -1.7833   0.0000   0.2842
 -16.600  -0.5678   0.20265   0.20084   0.0246  0.7000  0.0033  -1.7642   0.0000   0.2833
 -16.500  -0.5646   0.20140   0.19958   0.0239  0.7000  0.0033  -1.7458   0.0000   0.2824
 -16.400  -0.5613   0.20013   0.19832   0.0232  0.7000  0.0034  -1.7281   0.0000   0.2815
 -16.300  -0.5580   0.19887   0.19705   0.0225  0.7000  0.0035  -1.7111   0.0000   0.2806
 -16.200  -0.5548   0.19759   0.19577   0.0219  0.7000  0.0035  -1.6948   0.0000   0.2797
 -16.100  -0.5515   0.19631   0.19449   0.0212  0.7000  0.0036  -1.6792   0.0000   0.2788
 -16.000  -0.5483   0.19501   0.19320   0.0205  0.7000  0.0037  -1.6645   0.0000   0.2779
 -15.900  -0.5450   0.19372   0.19190   0.0198  0.7000  0.0038  -1.6505   0.0000   0.2770
 -15.800  -0.5418   0.19241   0.19059   0.0192  0.7000  0.0039  -1.6374   0.0000   0.2760
 -15.700  -0.5386   0.19110   0.18928   0.0185  0.7000  0.0041  -1.6251   0.0000   0.2750
 -15.600  -0.5354   0.18978   0.18796   0.0178  0.7000  0.0042  -1.6138   0.0000   0.2741
 -15.500  -0.5323   0.18845   0.18663   0.0172  0.7000  0.0044  -1.6034   0.0000   0.2731
 -15.400  -0.5291   0.18711   0.18529   0.0165  0.7000  0.0045  -1.5939   0.0000   0.2721
 -15.300  -0.5259   0.18576   0.18395   0.0159  0.7000  0.0048  -1.5855   0.0000   0.2711
 -15.200  -0.5226   0.18442   0.18260   0.0152  0.7000  0.0050  -1.5779   0.0000   0.2701
 -15.100  -0.5191   0.18310   0.18128   0.0146  0.7000  0.0053  -1.5701   0.0000   0.2691
 -15.000  -0.5153   0.18183   0.18002   0.0140  0.7000  0.0055  -1.5598   0.0000   0.2682
 -14.900  -0.5115   0.18059   0.17877   0.0134  0.7000  0.0057  -1.5488   0.0000   0.2673
 -14.800  -0.5079   0.17931   0.17749   0.0127  0.7000  0.0058  -1.5400   0.0000   0.2663
 -14.700  -0.5045   0.17800   0.17618   0.0121  0.7000  0.0058  -1.5337   0.0000   0.2653
 -14.600  -0.5013   0.17666   0.17485   0.0115  0.7000  0.0059  -1.5294   0.0000   0.2642
 -14.500  -0.4981   0.17531   0.17350   0.0108  0.7000  0.0059  -1.5265   0.0000   0.2631
 -14.400  -0.4949   0.17395   0.17214   0.0102  0.7000  0.0059  -1.5248   0.0000   0.2620
 -14.300  -0.4918   0.17257   0.17076   0.0096  0.7000  0.0059  -1.5240   0.0000   0.2609
 -14.200  -0.4888   0.17118   0.16937   0.0089  0.7000  0.0060  -1.5240   0.0000   0.2598
 -14.100  -0.4858   0.16979   0.16798   0.0083  0.7000  0.0060  -1.5246   0.0000   0.2586
 -14.000  -0.4828   0.16839   0.16658   0.0077  0.7000  0.0060  -1.5259   0.0000   0.2575
 -13.900  -0.4799   0.16699   0.16518   0.0070  0.7000  0.0060  -1.5276   0.0000   0.2563
 -13.800  -0.4770   0.16559   0.16378   0.0064  0.7000  0.0060  -1.5289   0.0000   0.2552
 -13.700  -0.4741   0.16418   0.16238   0.0058  0.7000  0.0060  -1.5306   0.0000   0.2540
 -13.600  -0.4713   0.16277   0.16097   0.0052  0.7000  0.0060  -1.5327   0.0000   0.2528
 -13.100  -0.4953   0.14359   0.14180  -0.0004  0.7000  0.0031  -3.3567   0.0000   0.2401
 -13.000  -0.4930   0.14215   0.14036  -0.0010  0.7000  0.0032  -3.3600   0.0000   0.2389
 -12.900  -0.4903   0.14080   0.13901  -0.0016  0.7000  0.0033  -3.3487   0.0000   0.2376
 -12.800  -0.4875   0.13950   0.13771  -0.0022  0.7000  0.0035  -3.3295   0.0000   0.2365
 -12.700  -0.4846   0.13825   0.13647  -0.0028  0.7000  0.0037  -3.3021   0.0000   0.2353
 -12.600  -0.4815   0.13702   0.13524  -0.0034  0.7000  0.0039  -3.2709   0.0000   0.2341
 -12.500  -0.4785   0.13578   0.13400  -0.0040  0.7000  0.0042  -3.2401   0.0000   0.2329
 -12.400  -0.4756   0.13449   0.13271  -0.0046  0.7000  0.0045  -3.2136   0.0000   0.2317
 -12.300  -0.4728   0.13316   0.13138  -0.0052  0.7000  0.0048  -3.1912   0.0000   0.2304
 -12.200  -0.4699   0.13186   0.13008  -0.0058  0.7000  0.0050  -3.1646   0.0000   0.2292
 -12.100  -0.4667   0.13063   0.12885  -0.0063  0.7000  0.0052  -3.1309   0.0000   0.2280
 -12.000  -0.4635   0.12944   0.12767  -0.0069  0.7000  0.0054  -3.0921   0.0000   0.2268
 -11.900  -0.4601   0.12829   0.12652  -0.0074  0.7000  0.0055  -3.0501   0.0000   0.2256
 -11.800  -0.4567   0.12717   0.12539  -0.0079  0.7000  0.0056  -3.0058   0.0000   0.2244
 -11.700  -0.4533   0.12606   0.12429  -0.0085  0.7000  0.0056  -2.9601   0.0000   0.2232
 -11.600  -0.4498   0.12497   0.12320  -0.0090  0.7000  0.0057  -2.9135   0.0000   0.2220
 -11.500  -0.4464   0.12389   0.12212  -0.0095  0.7000  0.0058  -2.8663   0.0000   0.2208
 -11.400  -0.4429   0.12282   0.12105  -0.0100  0.7000  0.0058  -2.8188   0.0000   0.2196
 -11.300  -0.4394   0.12176   0.11999  -0.0105  0.7000  0.0059  -2.7712   0.0000   0.2184
 -11.200  -0.4360   0.12071   0.11894  -0.0110  0.7000  0.0059  -2.7240   0.0000   0.2171
 -11.000  -0.4428   0.11534   0.11359  -0.0133  0.7000  0.0068  -2.9829   0.0000   0.2121
 -10.900  -0.4401   0.11419   0.11244  -0.0139  0.7000  0.0069  -2.9426   0.0000   0.2107
 -10.800  -0.4371   0.11307   0.11133  -0.0144  0.7000  0.0070  -2.9002   0.0000   0.2093
 -10.700  -0.4341   0.11195   0.11021  -0.0150  0.7000  0.0070  -2.8588   0.0000   0.2079
 -10.600  -0.4313   0.11078   0.10904  -0.0156  0.7000  0.0071  -2.8231   0.0000   0.2065
 -10.500  -0.4286   0.10956   0.10781  -0.0162  0.7000  0.0071  -2.7934   0.0000   0.2049
 -10.400  -0.4256   0.10846   0.10672  -0.0167  0.7000  0.0072  -2.7508   0.0000   0.2035
 -10.300  -0.4224   0.10738   0.10564  -0.0172  0.7000  0.0073  -2.7076   0.0000   0.2020
 -10.200  -0.4192   0.10634   0.10459  -0.0177  0.7000  0.0073  -2.6616   0.0000   0.2006
 -10.100  -0.4161   0.10528   0.10354  -0.0183  0.7000  0.0074  -2.6176   0.0000   0.1991
 -10.000  -0.4130   0.10421   0.10247  -0.0188  0.7000  0.0075  -2.5756   0.0000   0.1976
  -9.900  -0.4100   0.10314   0.10140  -0.0193  0.7000  0.0076  -2.5356   0.0000   0.1961
  -9.800  -0.4071   0.10205   0.10032  -0.0198  0.7000  0.0076  -2.4976   0.0000   0.1945
  -9.700  -0.4043   0.10096   0.09923  -0.0204  0.7000  0.0077  -2.4617   0.0000   0.1930
  -9.600  -0.4016   0.09987   0.09814  -0.0209  0.7000  0.0078  -2.4279   0.0000   0.1914
  -9.500  -0.3989   0.09875   0.09703  -0.0214  0.7000  0.0079  -2.3957   0.0000   0.1898
  -9.400  -0.3961   0.09761   0.09589  -0.0220  0.7000  0.0080  -2.3647   0.0000   0.1880
  -9.300  -0.3933   0.09644   0.09472  -0.0226  0.7000  0.0081  -2.3353   0.0000   0.1862
  -9.200  -0.3907   0.09526   0.09354  -0.0232  0.7000  0.0083  -2.3079   0.0000   0.1843
  -9.100  -0.3881   0.09407   0.09235  -0.0238  0.7000  0.0084  -2.2823   0.0000   0.1824
  -9.000  -0.3855   0.09286   0.09115  -0.0245  0.7000  0.0085  -2.2588   0.0000   0.1805
  -8.900  -0.3832   0.09165   0.08994  -0.0251  0.7000  0.0087  -2.2373   0.0000   0.1785
  -8.800  -0.3809   0.09043   0.08872  -0.0257  0.7000  0.0089  -2.2180   0.0000   0.1766
  -8.700  -0.3788   0.08919   0.08750  -0.0264  0.7000  0.0091  -2.2007   0.0000   0.1746
  -8.600  -0.3766   0.08794   0.08625  -0.0270  0.7000  0.0093  -2.1851   0.0000   0.1725
  -8.500  -0.3745   0.08665   0.08496  -0.0277  0.7000  0.0095  -2.1711   0.0000   0.1702
  -8.400  -0.3724   0.08536   0.08367  -0.0285  0.7000  0.0097  -2.1591   0.0000   0.1680
  -8.300  -0.3703   0.08406   0.08238  -0.0292  0.7000  0.0100  -2.1488   0.0000   0.1657
  -8.200  -0.3683   0.08278   0.08110  -0.0299  0.7000  0.0103  -2.1392   0.0000   0.1634
  -8.100  -0.3657   0.08153   0.07986  -0.0306  0.7000  0.0107  -2.1267   0.0000   0.1609
  -8.000  -0.3625   0.08040   0.07874  -0.0314  0.7000  0.0110  -2.1058   0.0000   0.1582
  -7.900  -0.3587   0.07943   0.07777  -0.0320  0.7000  0.0113  -2.0733   0.0000   0.1556
  -7.800  -0.3549   0.07848   0.07683  -0.0326  0.7000  0.0115  -2.0367   0.0000   0.1531
  -7.700  -0.3519   0.07742   0.07578  -0.0333  0.7000  0.0116  -2.0102   0.0000   0.1504
  -7.600  -0.3498   0.07626   0.07462  -0.0341  0.7000  0.0116  -1.9935   0.0000   0.1476
  -7.500  -0.3486   0.07501   0.07338  -0.0350  0.7000  0.0117  -1.9889   0.0000   0.1448
  -7.400  -0.3483   0.07372   0.07210  -0.0362  0.7000  0.0117  -1.9978   0.0000   0.1415
  -7.300  -0.3457   0.07222   0.07061  -0.0379  0.7000  0.0117  -2.0060   0.0000   0.1357
  -7.100  -0.4818   0.01238   0.00881  -0.0631  0.7000  0.0076  -7.2009   0.0000   0.1118
  -7.000  -0.4723   0.01182   0.00816  -0.0627  0.7000  0.0074  -7.1157   0.0000   0.1099
  -6.900  -0.4622   0.01138   0.00765  -0.0624  0.7000  0.0074  -7.0134   0.0000   0.1076
  -6.800  -0.4519   0.01101   0.00722  -0.0622  0.7000  0.0073  -6.9037   0.0000   0.1052
  -6.700  -0.4414   0.01068   0.00683  -0.0619  0.7000  0.0072  -6.7897   0.0000   0.1025
  -6.600  -0.4309   0.01036   0.00646  -0.0617  0.7000  0.0072  -6.6753   0.0000   0.0996
  -6.500  -0.4204   0.01003   0.00609  -0.0615  0.7000  0.0072  -6.5632   0.0000   0.0966
  -6.400  -0.4098   0.00972   0.00572  -0.0612  0.7000  0.0072  -6.4514   0.0000   0.0934
  -6.300  -0.3991   0.00944   0.00539  -0.0610  0.7000  0.0072  -6.3381   0.0000   0.0900
  -6.200  -0.3882   0.00923   0.00514  -0.0608  0.7000  0.0071  -6.2185   0.0000   0.0862
  -6.100  -0.3770   0.00907   0.00496  -0.0607  0.7000  0.0069  -6.0926   0.0000   0.0819
  -6.000  -0.3663   0.00879   0.00462  -0.0605  0.7000  0.0070  -5.9849   0.0000   0.0779
  -5.900  -0.3555   0.00853   0.00431  -0.0602  0.7000  0.0070  -5.8763   0.0000   0.0735
  -5.800  -0.3449   0.00831   0.00404  -0.0600  0.6966  0.0070  -5.7665   0.0000   0.0689
  -5.600  -0.3234   0.00796   0.00359  -0.0595  0.6824  0.0070  -5.5433   0.0000   0.0588
  -5.500  -0.3126   0.00780   0.00337  -0.0593  0.6769  0.0069  -5.4333   0.0000   0.0531
  -5.400  -0.3019   0.00765   0.00316  -0.0590  0.6696  0.0069  -5.3263   0.0000   0.0472
  -5.200  -0.2819   0.00692   0.00222  -0.0581  0.6548  0.0102  -5.3038   0.0000   0.0366
  -5.100  -0.2705   0.00689   0.00221  -0.0580  0.6508  0.0110  -5.1635   0.0000   0.0282
  -5.000  -0.2592   0.00689   0.00220  -0.0579  0.6452  0.0114  -5.0219   0.0000   0.0190
  -4.900  -0.2479   0.00690   0.00221  -0.0579  0.6386  0.0116  -4.8809   0.0000   0.0092
  -4.800  -0.2365   0.00692   0.00221  -0.0578  0.6305  0.0117  -4.7405   0.0000  -0.0018
  -4.700  -0.2250   0.00692   0.00223  -0.0577  0.6257  0.0118  -4.6002   0.0000  -0.0142
  -4.600  -0.2133   0.00693   0.00224  -0.0577  0.6236  0.0119  -4.4611   0.0000  -0.0282
  -4.500  -0.2018   0.00693   0.00226  -0.0577  0.6207  0.0119  -4.3242   0.0000  -0.0437
  -4.400  -0.1902   0.00694   0.00227  -0.0576  0.6170  0.0119  -4.1899   0.0000  -0.0609
  -4.300  -0.1788   0.00695   0.00228  -0.0576  0.6126  0.0120  -4.0586   0.0000  -0.0802
  -4.200  -0.1674   0.00696   0.00227  -0.0575  0.6074  0.0120  -3.9311   0.0000  -0.1017
  -4.100  -0.1562   0.00693   0.00222  -0.0574  0.6008  0.0120  -3.8097   0.0000  -0.1260
  -4.000  -0.1451   0.00684   0.00208  -0.0572  0.5956  0.0120  -3.6969   0.0000  -0.1534
  -3.900  -0.1336   0.00682   0.00208  -0.0572  0.5941  0.0120  -3.5741   0.0000  -0.1876
  -3.800  -0.1221   0.00681   0.00206  -0.0571  0.5917  0.0121  -3.4540   0.0000  -0.2280
  -3.700  -0.1106   0.00679   0.00204  -0.0571  0.5884  0.0121  -3.3367   0.0000  -0.2764
  -3.600  -0.0993   0.00678   0.00202  -0.0570  0.5843  0.0121  -3.2221   0.0000  -0.3353
  -3.500  -0.0884   0.00669   0.00190  -0.0568  0.5797  0.0122  -3.1197   0.0000  -0.4055
  -3.400  -0.0775   0.00658   0.00173  -0.0566  0.5745  0.0123  -3.0246   0.0000  -0.4937
  -3.300  -0.0666   0.00648   0.00159  -0.0565  0.5689  0.0125  -2.9279   0.0000  -0.6134
  -3.200  -0.0554   0.00640   0.00148  -0.0563  0.5648  0.0127  -2.8309   0.0000  -0.7837
  -3.100  -0.0441   0.00632   0.00137  -0.0562  0.5639  0.0129  -2.7344   0.0000  -1.0440
  -2.900  -0.0220   0.00608   0.00111  -0.0559  0.5608  0.0186  -2.5659   0.0000  -2.3208
  -2.800  -0.0107   0.00606   0.00109  -0.0558  0.5583  0.0193  -2.4635   0.0000  -5.0627
  -2.700   0.0007   0.00605   0.00107  -0.0558  0.5550  0.0195  -2.3621   0.0000  76.7951
  -2.200   0.0574   0.00600   0.00096  -0.0554  0.5331  0.0205  -1.9321   0.0000   1.2249
  -2.100   0.0687   0.00593   0.00089  -0.0553  0.5319  0.0230  -1.8710   0.0000   1.0625
  -2.000   0.0799   0.00588   0.00084  -0.0553  0.5304  0.0265  -1.7995   0.0000   0.9467
  -1.900   0.0913   0.00584   0.00082  -0.0552  0.5284  0.0282  -1.7314   0.0000   0.8591
  -1.800   0.1027   0.00583   0.00080  -0.0551  0.5259  0.0289  -1.6631   0.0000   0.7906
  -1.600   0.1254   0.00582   0.00077  -0.0550  0.5195  0.0295  -1.5289   0.0000   0.6913
  -1.500   0.1365   0.00579   0.00074  -0.0549  0.5156  0.0338  -1.4671   0.0000   0.6542
  -1.400   0.1477   0.00577   0.00072  -0.0549  0.5106  0.0369  -1.4038   0.0000   0.6228
  -1.300   0.1590   0.00575   0.00070  -0.0548  0.5052  0.0390  -1.3404   0.0000   0.5957
  -1.200   0.1704   0.00574   0.00069  -0.0547  0.5020  0.0400  -1.2773   0.0000   0.5721
  -1.100   0.1819   0.00572   0.00067  -0.0547  0.5011  0.0406  -1.2147   0.0000   0.5514
  -1.000   0.1933   0.00570   0.00065  -0.0547  0.4998  0.0453  -1.1543   0.0000   0.5332
  -0.900   0.2046   0.00567   0.00064  -0.0546  0.4979  0.0491  -1.0945   0.0000   0.5171
  -0.800   0.2159   0.00565   0.00063  -0.0546  0.4954  0.0518  -1.0352   0.0000   0.5026
  -0.700   0.2272   0.00564   0.00062  -0.0545  0.4925  0.0531  -0.9766   0.0000   0.4896
  -0.600   0.2385   0.00564   0.00061  -0.0545  0.4893  0.0570  -0.9194   0.0000   0.4779
  -0.500   0.2497   0.00562   0.00060  -0.0544  0.4858  0.0623  -0.8634   0.0000   0.4672
  -0.400   0.2609   0.00561   0.00059  -0.0543  0.4818  0.0659  -0.8079   0.0000   0.4575
  -0.300   0.2722   0.00561   0.00058  -0.0543  0.4768  0.0677  -0.7530   0.0000   0.4485
  -0.200   0.2835   0.00560   0.00057  -0.0542  0.4721  0.0744  -0.7065   0.0000   0.4403
  -0.100   0.2948   0.00557   0.00057  -0.0542  0.4703  0.0803  -0.6651   0.0000   0.4327
   0.000   0.3062   0.00555   0.00056  -0.0542  0.4694  0.0863  -0.6476   0.0000   0.4256
   0.100   0.3175   0.00552   0.00055  -0.0541  0.4681  0.0947  -0.6571   0.0000   0.4191
   0.200   0.3289   0.00550   0.00055  -0.0541  0.4662  0.0999  -0.6666   0.0000   0.4130
   0.300   0.3402   0.00550   0.00055  -0.0540  0.4635  0.1055  -0.6762   0.0000   0.4073
   0.400   0.3514   0.00548   0.00055  -0.0540  0.4604  0.1147  -0.6857   0.0000   0.4020
   0.500   0.3626   0.00548   0.00055  -0.0539  0.4572  0.1198  -0.6952   0.0000   0.3970
   0.600   0.3738   0.00548   0.00055  -0.0539  0.4536  0.1300  -0.7054   0.0000   0.3923
   0.700   0.3849   0.00547   0.00055  -0.0538  0.4494  0.1385  -0.7158   0.0000   0.3879
   0.800   0.3961   0.00546   0.00055  -0.0537  0.4444  0.1488  -0.7262   0.0000   0.3837
   0.900   0.4073   0.00544   0.00056  -0.0537  0.4398  0.1615  -0.7365   0.0000   0.3797
   1.000   0.4185   0.00540   0.00056  -0.0536  0.4386  0.1802  -0.7470   0.0000   0.3760
   1.100   0.4297   0.00537   0.00057  -0.0536  0.4377  0.1970  -0.7575   0.0000   0.3725
   1.200   0.4410   0.00534   0.00057  -0.0535  0.4364  0.2108  -0.7681   0.0000   0.3691
   1.300   0.4520   0.00530   0.00058  -0.0535  0.4344  0.2375  -0.7785   0.0000   0.3659
   1.400   0.4628   0.00523   0.00059  -0.0534  0.4318  0.2759  -0.7888   0.0000   0.3628
   1.500   0.4735   0.00517   0.00061  -0.0532  0.4288  0.3129  -0.7990   0.0000   0.3599
   1.600   0.4840   0.00510   0.00062  -0.0531  0.4257  0.3625  -0.8091   0.0000   0.3571
   1.700   0.4929   0.00487   0.00064  -0.0527  0.4221  0.4819  -0.8191   0.0000   0.3542
   1.900   0.5054   0.00415   0.00069  -0.0507  0.4134  0.7996  -0.8360   0.0000   0.3475
   2.000   0.5169   0.00418   0.00070  -0.0507  0.4084  0.8000  -0.8478   0.0000   0.3452
   2.100   0.5285   0.00419   0.00071  -0.0507  0.4072  0.8000  -0.8598   0.0000   0.3430
   2.200   0.5401   0.00421   0.00072  -0.0507  0.4062  0.8000  -0.8718   0.0000   0.3409
   2.300   0.5517   0.00423   0.00073  -0.0508  0.4048  0.8000  -0.8838   0.0000   0.3389
   2.400   0.5633   0.00425   0.00074  -0.0508  0.4029  0.8000  -0.8958   0.0000   0.3369
   2.500   0.5748   0.00427   0.00076  -0.0508  0.4004  0.8000  -0.9078   0.0000   0.3351
   2.600   0.5862   0.00431   0.00077  -0.0508  0.3970  0.8000  -0.9201   0.0000   0.3332
   2.700   0.5975   0.00435   0.00079  -0.0507  0.3929  0.8000  -0.9331   0.0000   0.3315
   2.800   0.6088   0.00440   0.00081  -0.0507  0.3877  0.8000  -0.9461   0.0000   0.3298
   2.900   0.6201   0.00444   0.00083  -0.0507  0.3816  0.8000  -0.9592   0.0000   0.3281
   3.000   0.6316   0.00447   0.00084  -0.0507  0.3766  0.8000  -0.9724   0.0000   0.3266
   3.100   0.6432   0.00448   0.00086  -0.0507  0.3759  0.8000  -0.9858   0.0000   0.3251
   3.200   0.6548   0.00450   0.00087  -0.0507  0.3749  0.8000  -0.9993   0.0000   0.3236
   3.300   0.6663   0.00452   0.00089  -0.0507  0.3733  0.8000  -1.0127   0.0000   0.3222
   3.400   0.6777   0.00455   0.00091  -0.0507  0.3706  0.8000  -1.0270   0.0000   0.3209
   3.500   0.6891   0.00459   0.00093  -0.0507  0.3667  0.8000  -1.0416   0.0000   0.3195
   3.600   0.7002   0.00465   0.00096  -0.0506  0.3619  0.8000  -1.0561   0.0000   0.3182
   3.700   0.7114   0.00470   0.00098  -0.0506  0.3562  0.8000  -1.0707   0.0000   0.3169
   3.800   0.7227   0.00475   0.00101  -0.0506  0.3494  0.8000  -1.0854   0.0000   0.3157
   3.900   0.7342   0.00478   0.00103  -0.0506  0.3455  0.8000  -1.1002   0.0000   0.3145
   4.000   0.7457   0.00480   0.00105  -0.0506  0.3442  0.8000  -1.1167   0.0000   0.3133
   4.100   0.7571   0.00483   0.00107  -0.0506  0.3418  0.8000  -1.1332   0.0000   0.3122
   4.200   0.7683   0.00489   0.00110  -0.0505  0.3369  0.8000  -1.1495   0.0000   0.3111
   4.300   0.7791   0.00497   0.00116  -0.0504  0.3291  0.8000  -1.1656   0.0000   0.3100
   4.400   0.7901   0.00505   0.00120  -0.0503  0.3186  0.8000  -1.1834   0.0000   0.3089
   4.500   0.8015   0.00509   0.00122  -0.0503  0.3143  0.8000  -1.2018   0.0000   0.3079
   4.600   0.8126   0.00515   0.00126  -0.0503  0.3087  0.8000  -1.2213   0.0000   0.3069
   4.700   0.8230   0.00527   0.00132  -0.0501  0.2974  0.8000  -1.2562   0.0000   0.3058
   4.800   0.8340   0.00535   0.00136  -0.0500  0.2868  0.8000  -1.2983   0.0000   0.3048
   4.900   0.8454   0.00538   0.00139  -0.0500  0.2851  0.8000  -1.3418   0.0000   0.3039
   5.000   0.8568   0.00541   0.00142  -0.0500  0.2827  0.8000  -1.3940   0.0000   0.3030
   5.100   0.8675   0.00551   0.00147  -0.0499  0.2745  0.8000  -1.4470   0.0000   0.3020
   5.200   0.8778   0.00565   0.00155  -0.0497  0.2594  0.8000  -1.4995   0.0000   0.3011
   5.300   0.8889   0.00571   0.00159  -0.0497  0.2539  0.8000  -1.5548   0.0000   0.3002
   5.400   0.8991   0.00586   0.00167  -0.0495  0.2415  0.8000  -1.6080   0.0000   0.2993
   5.500   0.9098   0.00597   0.00173  -0.0494  0.2289  0.8000  -1.6631   0.0000   0.2984
   5.600   0.9208   0.00603   0.00178  -0.0493  0.2248  0.8000  -1.7200   0.0000   0.2976
   5.700   0.9312   0.00617   0.00186  -0.0491  0.2151  0.8000  -1.7755   0.0000   0.2967
   5.800   0.9417   0.00628   0.00193  -0.0490  0.2027  0.8000  -1.8328   0.0000   0.2958
   5.900   0.9527   0.00636   0.00198  -0.0489  0.1980  0.8000  -1.9069   0.0000   0.2950
   6.000   0.9626   0.00654   0.00209  -0.0487  0.1856  0.8000  -1.9782   0.0000   0.2942
   6.100   0.9733   0.00664   0.00215  -0.0486  0.1755  0.8000  -2.0532   0.0000   0.2934
   6.200   0.9833   0.00680   0.00226  -0.0484  0.1648  0.8000  -2.1267   0.0000   0.2926
   6.300   0.9936   0.00695   0.00235  -0.0482  0.1518  0.8000  -2.2018   0.0000   0.2918
   6.400   1.0045   0.00702   0.00243  -0.0481  0.1484  0.8000  -2.2860   0.0000   0.2910
   6.500   1.0140   0.00724   0.00256  -0.0478  0.1329  0.8000  -2.3610   0.0000   0.2902
   6.600   1.0239   0.00742   0.00268  -0.0476  0.1211  0.8000  -2.4381   0.0000   0.2894
   6.700   1.0330   0.00767   0.00284  -0.0472  0.1023  0.8000  -2.5125   0.0000   0.2885
   6.800   1.0422   0.00792   0.00300  -0.0469  0.0855  0.8000  -2.5879   0.0000   0.2877
   6.900   1.0517   0.00815   0.00315  -0.0466  0.0715  0.8000  -2.6649   0.0000   0.2869
   7.000   1.0616   0.00832   0.00328  -0.0464  0.0642  0.8000  -2.7450   0.0000   0.2861
   7.100   1.0717   0.00847   0.00339  -0.0461  0.0555  0.8000  -2.8268   0.0000   0.2854
   7.200   1.0818   0.00863   0.00351  -0.0459  0.0503  0.8000  -2.9096   0.0000   0.2847
   7.300   1.0918   0.00879   0.00363  -0.0457  0.0426  0.8000  -2.9927   0.0000   0.2840
   7.400   1.1023   0.00889   0.00373  -0.0456  0.0400  0.8000  -3.0793   0.0000   0.2833
   7.500   1.1123   0.00905   0.00385  -0.0453  0.0358  0.8000  -3.1644   0.0000   0.2826
   7.600   1.1226   0.00918   0.00395  -0.0452  0.0307  0.8000  -3.2515   0.0000   0.2820
   7.700   1.1332   0.00927   0.00404  -0.0450  0.0292  0.8000  -3.3415   0.0000   0.2813
   7.800   1.1435   0.00940   0.00415  -0.0448  0.0272  0.8000  -3.4311   0.0000   0.2807
   7.900   1.1536   0.00954   0.00427  -0.0446  0.0245  0.8000  -3.5203   0.0000   0.2800
   8.000   1.1640   0.00966   0.00437  -0.0445  0.0215  0.8000  -3.6111   0.0000   0.2794
   8.100   1.1746   0.00975   0.00446  -0.0443  0.0201  0.8000  -3.7046   0.0000   0.2788
   8.200   1.1851   0.00984   0.00455  -0.0442  0.0194  0.8000  -3.8007   0.0000   0.2782
   8.300   1.1955   0.00996   0.00466  -0.0440  0.0183  0.8000  -3.9207   0.0000   0.2776
   8.400   1.2056   0.01009   0.00479  -0.0438  0.0171  0.8000  -4.0451   0.0000   0.2770
   8.500   1.2156   0.01024   0.00492  -0.0436  0.0152  0.8000  -4.1658   0.0000   0.2764
   8.700   1.2362   0.01047   0.00516  -0.0432  0.0122  0.8000  -4.4126   0.0000   0.2752
   8.800   1.2467   0.01056   0.00524  -0.0430  0.0121  0.8000  -4.5433   0.0000   0.2746
   8.900   1.2572   0.01065   0.00533  -0.0429  0.0120  0.8000  -4.6752   0.0000   0.2741
   9.000   1.2676   0.01074   0.00543  -0.0427  0.0117  0.8000  -4.8077   0.0000   0.2735
   9.100   1.2778   0.01086   0.00554  -0.0425  0.0111  0.8000  -4.9399   0.0000   0.2730
   9.200   1.2874   0.01103   0.00569  -0.0422  0.0099  0.8000  -5.0683   0.0000   0.2724
   9.300   1.2945   0.01147   0.00620  -0.0414  0.0063  0.8000  -5.1301   0.0000   0.2714
   9.400   1.3039   0.01165   0.00642  -0.0410  0.0062  0.8000  -5.2517   0.0000   0.2707
   9.500   1.3134   0.01183   0.00663  -0.0407  0.0062  0.8000  -5.3766   0.0000   0.2701
   9.600   1.3234   0.01195   0.00676  -0.0405  0.0061  0.8000  -5.5146   0.0000   0.2695
   9.700   1.3335   0.01207   0.00688  -0.0402  0.0061  0.8000  -5.6547   0.0000   0.2690
   9.800   1.3435   0.01219   0.00700  -0.0400  0.0061  0.8000  -5.7969   0.0000   0.2685
   9.900   1.3535   0.01230   0.00712  -0.0398  0.0061  0.8000  -5.9413   0.0000   0.2679
  10.000   1.3635   0.01242   0.00723  -0.0396  0.0061  0.8000  -6.0878   0.0000   0.2674
  10.100   1.3735   0.01253   0.00734  -0.0394  0.0061  0.8000  -6.2366   0.0000   0.2668
  10.200   1.3835   0.01263   0.00745  -0.0391  0.0061  0.8000  -6.3875   0.0000   0.2663
  10.300   1.3935   0.01274   0.00756  -0.0389  0.0061  0.8000  -6.5406   0.0000   0.2658
  10.400   1.4043   0.01277   0.00758  -0.0388  0.0061  0.8000  -6.7078   0.0000   0.2654
  10.500   1.4144   0.01287   0.00767  -0.0386  0.0060  0.8000  -6.8663   0.0000   0.2649
  10.600   1.4244   0.01297   0.00777  -0.0384  0.0060  0.8000  -7.0258   0.0000   0.2644
  10.700   1.4344   0.01308   0.00787  -0.0382  0.0060  0.8000  -7.1865   0.0000   0.2639
  10.800   1.4443   0.01318   0.00798  -0.0380  0.0060  0.8000  -7.3486   0.0000   0.2633
  10.900   1.4541   0.01329   0.00809  -0.0377  0.0059  0.8000  -7.5118   0.0000   0.2628
  11.000   1.4638   0.01341   0.00820  -0.0375  0.0059  0.8000  -7.6762   0.0000   0.2623
  11.100   1.4735   0.01353   0.00832  -0.0372  0.0058  0.8000  -7.8413   0.0000   0.2618
  11.200   1.4831   0.01365   0.00845  -0.0369  0.0057  0.8000  -8.0069   0.0000   0.2613
  11.300   1.4925   0.01378   0.00858  -0.0366  0.0056  0.8000  -8.1726   0.0000   0.2607
  11.400   1.5018   0.01393   0.00872  -0.0363  0.0054  0.8000  -8.3375   0.0000   0.2602
  11.500   1.5107   0.01409   0.00888  -0.0359  0.0051  0.8000  -8.5006   0.0000   0.2596
  11.600   1.5192   0.01428   0.00907  -0.0355  0.0046  0.8000  -8.6582   0.0000   0.2590
  11.800   1.5184   0.01596   0.01101  -0.0317  0.0023  0.8000  -8.5135   0.0000   0.2562
  11.900   1.5237   0.01633   0.01143  -0.0308  0.0023  0.8000  -8.6181   0.0000   0.2554
  12.000   1.5287   0.01671   0.01185  -0.0298  0.0023  0.8000  -8.7227   0.0000   0.2545
  12.100   1.5332   0.01708   0.01228  -0.0288  0.0023  0.8000  -8.8254   0.0000   0.2536
  12.200   1.5360   0.01744   0.01267  -0.0274  0.0023  0.8000  -8.9185   0.0000   0.2526
  12.300   1.5386   0.01781   0.01308  -0.0260  0.0023  0.8000  -9.0114   0.0000   0.2515
  12.400   1.5411   0.01820   0.01351  -0.0247  0.0023  0.8000  -9.1038   0.0000   0.2504
  12.500   1.5433   0.01861   0.01395  -0.0234  0.0023  0.8000  -9.1952   0.0000   0.2493
  12.600   1.5453   0.01903   0.01441  -0.0220  0.0024  0.8000  -9.2856   0.0000   0.2483
  12.700   1.5475   0.01945   0.01487  -0.0208  0.0024  0.8000  -9.3834   0.0000   0.2473
  12.800   1.5492   0.01991   0.01537  -0.0196  0.0024  0.8000  -9.4745   0.0000   0.2463
  12.900   1.5506   0.02039   0.01589  -0.0184  0.0024  0.8000  -9.5626   0.0000   0.2454
  13.000   1.5518   0.02091   0.01644  -0.0172  0.0024  0.8000  -9.6493   0.0000   0.2444
  13.100   1.5528   0.02147   0.01704  -0.0161  0.0024  0.8000  -9.7335   0.0000   0.2435
  13.200   1.5529   0.02210   0.01771  -0.0150  0.0024  0.8000  -9.8082   0.0000   0.2426
  13.300   1.5522   0.02280   0.01846  -0.0139  0.0024  0.8000  -9.8749   0.0000   0.2417
  13.400   1.5510   0.02358   0.01928  -0.0128  0.0024  0.8000  -9.9362   0.0000   0.2409
  13.500   1.5495   0.02443   0.02018  -0.0119  0.0024  0.8000  -9.9936   0.0000   0.2401
  13.600   1.5478   0.02534   0.02114  -0.0110  0.0024  0.8000  -10.0479   0.0000   0.2393
  13.700   1.5456   0.02632   0.02217  -0.0102  0.0024  0.8000  -10.0976   0.0000   0.2386
  13.800   1.5430   0.02736   0.02326  -0.0095  0.0024  0.8000  -10.1439   0.0000   0.2380
  13.900   1.5407   0.02845   0.02440  -0.0090  0.0024  0.8000  -10.1914   0.0000   0.2374
  14.000   1.5386   0.02958   0.02557  -0.0085  0.0024  0.8000  -10.2405   0.0000   0.2369
  14.100   1.5362   0.03077   0.02681  -0.0081  0.0024  0.8000  -10.2886   0.0000   0.2365
  14.200   1.5345   0.03195   0.02803  -0.0078  0.0024  0.8000  -10.3426   0.0000   0.2361
  14.300   1.5329   0.03315   0.02928  -0.0076  0.0024  0.8000  -10.3985   0.0000   0.2357
  14.400   1.5317   0.03435   0.03051  -0.0075  0.0024  0.8000  -10.4595   0.0000   0.2354
  14.500   1.5303   0.03558   0.03178  -0.0074  0.0024  0.8000  -10.5193   0.0000   0.2352
  14.600   1.5288   0.03684   0.03308  -0.0074  0.0024  0.8000  -10.5769   0.0000   0.2349
  14.700   1.5266   0.03814   0.03442  -0.0073  0.0024  0.8000  -10.6289   0.0000   0.2347
  14.800   1.5247   0.03944   0.03576  -0.0073  0.0024  0.8000  -10.6828   0.0000   0.2345
  14.900   1.5221   0.04089   0.03725  -0.0074  0.0024  0.8000  -10.7289   0.0000   0.2343
  15.000   1.5203   0.04222   0.03862  -0.0074  0.0024  0.8000  -10.7836   0.0000   0.2341
  15.100   1.5170   0.04381   0.04024  -0.0077  0.0024  0.8000  -10.8227   0.0000   0.2341
  15.200   1.5147   0.04526   0.04173  -0.0078  0.0024  0.8000  -10.8711   0.0000   0.2339
  15.300   1.5120   0.04678   0.04329  -0.0080  0.0025  0.8000  -10.9152   0.0000   0.2339
  15.400   1.5083   0.04847   0.04502  -0.0083  0.0025  0.8000  -10.9486   0.0000   0.2339
  15.500   1.5057   0.04998   0.04657  -0.0085  0.0025  0.8000  -10.9933   0.0000   0.2338
  15.600   1.5019   0.05169   0.04832  -0.0089  0.0025  0.8000  -11.0252   0.0000   0.2338
  15.700   1.4980   0.05346   0.05013  -0.0093  0.0025  0.8000  -11.0542   0.0000   0.2339
  15.800   1.4950   0.05507   0.05177  -0.0096  0.0025  0.8000  -11.0939   0.0000   0.2339
  15.900   1.4910   0.05689   0.05363  -0.0101  0.0025  0.8000  -11.1207   0.0000   0.2340
  16.000   1.4862   0.05882   0.05560  -0.0106  0.0025  0.8000  -11.1393   0.0000   0.2342
  16.100   1.4825   0.06051   0.05732  -0.0110  0.0025  0.8000  -11.1694   0.0000   0.2342
  16.200   1.4786   0.06226   0.05911  -0.0114  0.0025  0.8000  -11.1971   0.0000   0.2343
  16.300   1.4724   0.06449   0.06138  -0.0122  0.0025  0.8000  -11.1976   0.0000   0.2346
  16.400   1.4685   0.06636   0.06329  -0.0128  0.0025  0.8000  -11.2227   0.0000   0.2348
  16.500   1.4650   0.06819   0.06516  -0.0133  0.0025  0.8000  -11.2517   0.0000   0.2350
  16.600   1.4589   0.07052   0.06753  -0.0142  0.0025  0.8000  -11.2502   0.0000   0.2354
  16.700   1.4540   0.07266   0.06971  -0.0150  0.0026  0.8000  -11.2617   0.0000   0.2357
  16.800   1.4503   0.07463   0.07171  -0.0156  0.0026  0.8000  -11.2847   0.0000   0.2360
  16.900   1.4464   0.07662   0.07373  -0.0163  0.0026  0.8000  -11.3060   0.0000   0.2363
  17.000   1.4391   0.07928   0.07644  -0.0175  0.0026  0.8000  -11.2858   0.0000   0.2369
  17.100   1.4346   0.08144   0.07863  -0.0183  0.0026  0.8000  -11.2969   0.0000   0.2373
  17.200   1.4306   0.08351   0.08074  -0.0191  0.0026  0.8000  -11.3136   0.0000   0.2377
  17.300   1.4256   0.08578   0.08304  -0.0200  0.0026  0.8000  -11.3177   0.0000   0.2381
  17.400   1.4182   0.08854   0.08585  -0.0213  0.0026  0.8000  -11.2905   0.0000   0.2389
  17.500   1.4136   0.09076   0.08810  -0.0222  0.0026  0.8000  -11.2973   0.0000   0.2394
  17.600   1.4093   0.09294   0.09031  -0.0231  0.0026  0.8000  -11.3058   0.0000   0.2399
  17.700   1.4030   0.09553   0.09294  -0.0243  0.0026  0.8000  -11.2881   0.0000   0.2406
  17.800   1.3960   0.09828   0.09573  -0.0257  0.0026  0.8000  -11.2602   0.0000   0.2414
  17.900   1.3910   0.10055   0.09803  -0.0267  0.0026  0.8000  -11.2571   0.0000   0.2420
  18.000   1.3860   0.10275   0.10027  -0.0276  0.0026  0.8000  -11.2544   0.0000   0.2425
  18.100   1.3784   0.10556   0.10311  -0.0290  0.0026  0.8000  -11.2152   0.0000   0.2434
  18.200   1.3713   0.10831   0.10591  -0.0304  0.0027  0.8000  -11.1813   0.0000   0.2443
  18.300   1.3664   0.11070   0.10833  -0.0315  0.0027  0.8000  -11.1729   0.0000   0.2450
  18.400   1.3616   0.11309   0.11075  -0.0326  0.0027  0.8000  -11.1645   0.0000   0.2457
  18.500   1.3535   0.11619   0.11389  -0.0342  0.0027  0.8000  -11.1102   0.0000   0.2468
  18.600   1.3470   0.11901   0.11674  -0.0357  0.0027  0.8000  -11.0748   0.0000   0.2478
  18.700   1.3421   0.12151   0.11928  -0.0369  0.0027  0.8000  -11.0591   0.0000   0.2487
  18.800   1.3372   0.12401   0.12181  -0.0382  0.0027  0.8000  -11.0417   0.0000   0.2495
  18.900   1.3287   0.12734   0.12517  -0.0400  0.0027  0.8000  -10.9712   0.0000   0.2509
  19.000   1.3226   0.13017   0.12804  -0.0415  0.0027  0.8000  -10.9322   0.0000   0.2520
  19.100   1.3177   0.13275   0.13065  -0.0429  0.0027  0.8000  -10.9076   0.0000   0.2529
  19.200   1.3126   0.13536   0.13329  -0.0443  0.0027  0.8000  -10.8794   0.0000   0.2539
  19.300   1.3039   0.13888   0.13685  -0.0464  0.0027  0.8000  -10.7918   0.0000   0.2556
  19.400   1.2982   0.14169   0.13969  -0.0479  0.0027  0.8000  -10.7483   0.0000   0.2567
  19.500   1.2932   0.14435   0.14238  -0.0494  0.0027  0.8000  -10.7133   0.0000   0.2578
  19.600   1.2880   0.14707   0.14514  -0.0510  0.0028  0.8000  -10.6731   0.0000   0.2590
  19.700   1.2790   0.15077   0.14887  -0.0532  0.0028  0.8000  -10.5668   0.0000   0.2609
  19.800   1.2737   0.15357   0.15171  -0.0548  0.0028  0.8000  -10.5174   0.0000   0.2622
  19.900   1.2687   0.15633   0.15449  -0.0564  0.0028  0.8000  -10.4700   0.0000   0.2634
  20.000   1.2609   0.15980   0.15799  -0.0585  0.0028  0.8000  -10.3725   0.0000   0.2652


