
    XFLR5_v4.17

 Calculated polar for: NACA 0008

 1 1 Reynolds number fixed          Mach number fixed         

 xtrf =   0.750 (top)        0.750 (bottom)
 Mach =   0.120     Re =     4.000 e 6     Ncrit =  11.000

  alpha     CL        CD       CDp       CM    Top Xtr Bot Xtr   Cpmin    Chinge    XCp    
 ------- -------- --------- --------- -------- ------- ------- -------- --------- ---------
-20.000 -0.8511 0.26309 0.26144 0.0852 0.0037 0.7500 -1.7533 0.0000 0.3345
-19.750 -0.8441 0.25892 0.25727 0.0832 0.0037 0.7500 -1.7539 0.0000 0.3334
-19.500 -0.8372 0.25476 0.25311 0.0813 0.0037 0.7500 -1.7575 0.0000 0.3322
-19.250 -0.8303 0.25062 0.24897 0.0793 0.0037 0.7500 -1.7619 0.0000 0.3309
-19.000 -0.8233 0.24652 0.24486 0.0774 0.0038 0.7500 -1.7672 0.0000 0.3297
-18.750 -0.8163 0.24244 0.24078 0.0754 0.0038 0.7500 -1.7742 0.0000 0.3284
-18.500 -0.8095 0.23834 0.23669 0.0735 0.0038 0.7500 -1.7874 0.0000 0.3270
-18.250 -0.8027 0.23422 0.23257 0.0715 0.0038 0.7500 -1.8079 0.0000 0.3256
-18.000 -0.7959 0.23014 0.22849 0.0696 0.0038 0.7500 -1.8307 0.0000 0.3242
-17.750 -0.7892 0.22610 0.22444 0.0676 0.0038 0.7500 -1.8564 0.0000 0.3227
-17.500 -0.7826 0.22210 0.22044 0.0656 0.0038 0.7500 -1.8863 0.0000 0.3212
-17.250 -0.7948 0.20812 0.20649 0.0611 0.0023 0.7500 -3.5354 0.0000 0.3135
-17.000 -0.7874 0.20481 0.20318 0.0592 0.0031 0.7500 -3.5016 0.0000 0.3121
-16.000 -0.7632 0.18976 0.18814 0.0513 0.0045 0.7500 -3.2426 0.0000 0.3053
-15.750 -0.7559 0.18680 0.18518 0.0496 0.0047 0.7500 -3.0953 0.0000 0.3041
-15.500 -0.7485 0.18387 0.18224 0.048 0.0049 0.7500 -2.9496 0.0000 0.3030
-15.250 -0.7417 0.18063 0.17899 0.0464 0.0050 0.7500 -2.8351 0.0000 0.3016
-15.000 -0.7346 0.17757 0.17593 0.0447 0.0053 0.7500 -2.7043 0.0000 0.3004
-14.750 -0.7279 0.17431 0.17267 0.0431 0.0057 0.7500 -2.5947 0.0000 0.2989
-14.500 -0.7216 0.17081 0.16917 0.0413 0.0061 0.7500 -2.5084 0.0000 0.2973
-14.250 -0.7158 0.16706 0.16542 0.0396 0.0068 0.7500 -2.4464 0.0000 0.2956
-14.000 -0.7093 0.16322 0.16158 0.0378 0.0077 0.7500 -2.3975 0.0000 0.2938
-13.750 -0.7002 0.16014 0.15850 0.0363 0.0084 0.7500 -2.2957 0.0000 0.2926
-13.500 -0.6941 0.15642 0.15478 0.0346 0.0085 0.7500 -2.2422 0.0000 0.2909
-13.250 -0.6894 0.15237 0.15073 0.0329 0.0086 0.7500 -2.2154 0.0000 0.2889
-13.000 -0.6855 0.14819 0.14655 0.0311 0.0086 0.7500 -2.2006 0.0000 0.2867
-12.750 -0.6825 0.14396 0.14233 0.0293 0.0086 0.7500 -2.1945 0.0000 0.2845
-12.500 -0.6798 0.13961 0.13798 0.0275 0.0087 0.7500 -2.2009 0.0000 0.2821
-12.250 -0.6772 0.13504 0.13341 0.0255 0.0087 0.7500 -2.2436 0.0000 0.2796
-12.000 -0.6752 0.13034 0.12872 0.0235 0.0087 0.7500 -2.2934 0.0000 0.2768
-11.750 -0.6739 0.12551 0.12389 0.0214 0.0087 0.7500 -2.3509 0.0000 0.2739
-11.500 -0.6734 0.12054 0.11892 0.0192 0.0087 0.7500 -2.4172 0.0000 0.2709
-11.250 -0.6739 0.11541 0.11380 0.0169 0.0087 0.7500 -2.4938 0.0000 0.2676
-8.750 -0.9347 0.01317 0.00880 -0.0105 0.0052 0.7500 -7.8190 0.0000 0.2315
-8.500 -0.9116 0.01225 0.00775 -0.0097 0.0050 0.7500 -7.5267 0.0000 0.2325
-8.250 -0.8875 0.01151 0.00690 -0.009 0.0049 0.7500 -7.2120 0.0000 0.2333
-8.000 -0.8625 0.01090 0.00620 -0.0083 0.0048 0.7500 -6.8936 0.0000 0.2340
-7.750 -0.8376 0.01029 0.00549 -0.0077 0.0048 0.7500 -6.5804 0.0000 0.2347
-7.500 -0.8122 0.00973 0.00485 -0.0071 0.0049 0.7500 -6.2705 0.0000 0.2354
-7.000 -0.7616 0.00854 0.00348 -0.0058 0.0081 0.7500 -5.8256 0.0000 0.2370
-6.750 -0.7336 0.00848 0.00347 -0.0058 0.0086 0.7500 -5.4225 0.0000 0.2370
-6.500 -0.7055 0.00845 0.00349 -0.0058 0.0087 0.7500 -5.0266 0.0000 0.2369
-6.250 -0.6774 0.00840 0.00348 -0.0058 0.0088 0.7500 -4.6480 0.0000 0.2368
-6.000 -0.6502 0.00817 0.00321 -0.0056 0.0088 0.7500 -4.3095 0.0000 0.2370
-5.750 -0.6233 0.00787 0.00287 -0.0053 0.0092 0.7500 -3.9992 0.0000 0.2373
-5.500 -0.5964 0.00756 0.00248 -0.0049 0.0098 0.7500 -3.7097 0.0000 0.2377
-5.250 -0.5697 0.00720 0.00212 -0.0045 0.0149 0.7500 -3.4450 0.0000 0.2382
-4.750 -0.5142 0.00690 0.00183 -0.0043 0.0194 0.7500 -2.8547 0.0000 0.2382
-4.500 -0.4867 0.00671 0.00169 -0.0041 0.0240 0.7500 -2.5769 0.0000 0.2382
-4.250 -0.4589 0.00656 0.00156 -0.004 0.0297 0.7500 -2.3242 0.0000 0.2381
-4.000 -0.4313 0.00638 0.00141 -0.0039 0.0368 0.7500 -2.1187 0.0000 0.2380
-3.750 -0.4038 0.00620 0.00129 -0.0037 0.0472 0.7500 -1.9283 0.0000 0.2378
-3.500 -0.3762 0.00602 0.00117 -0.0036 0.0609 0.7500 -1.7437 0.0000 0.2376
-3.250 -0.3486 0.00583 0.00107 -0.0035 0.0776 0.7500 -1.5649 0.0000 0.2374
-3.000 -0.3212 0.00563 0.00096 -0.0033 0.1025 0.7500 -1.3926 0.0000 0.2371
-2.750 -0.2939 0.00541 0.00086 -0.0031 0.1319 0.7500 -1.2269 0.0000 0.2368
-2.500 -0.2665 0.00521 0.00077 -0.003 0.1643 0.7500 -1.0667 0.0000 0.2363
-2.250 -0.2398 0.00492 0.00068 -0.0028 0.2170 0.7500 -0.9474 0.0000 0.2361
-2.000 -0.2125 0.00471 0.00060 -0.0026 0.2553 0.7500 -0.8273 0.0000 0.2355
-1.750 -0.1852 0.00451 0.00054 -0.0025 0.2980 0.7500 -0.7151 0.0000 0.2345
-1.500 -0.1584 0.00425 0.00048 -0.0022 0.3580 0.7500 -0.6246 0.0000 0.2339
-1.250 -0.131 0.00408 0.00044 -0.0021 0.3973 0.7500 -0.5399 0.0000 0.2321
-1.000 -0.1035 0.00392 0.00040 -0.0019 0.4365 0.7500 -0.4658 0.0000 0.2294
-0.750 -0.0778 0.00386 0.00038 -0.0014 0.4824 0.7157 -0.4069 0.0000 0.2299
-0.500 -0.0519 0.00381 0.00036 -0.0009 0.5240 0.6806 -0.3567 0.0000 0.2300
-0.250 -0.0258 0.00380 0.00035 -0.0005 0.5617 0.6437 -0.3151 0.0000 0.2290
   0.000  -0.0000   0.00380   0.00035   0.0000  0.6031  0.6031  -0.2809   0.0000   0.2467
   0.250   0.0258   0.00380   0.00035   0.0005  0.5617  0.6437  -0.3151   0.0000   0.2290
   0.500   0.0519   0.00381   0.00036   0.0009  0.5240  0.6806  -0.3567   0.0000   0.2300
   0.750   0.0778   0.00386   0.00038   0.0014  0.4824  0.7157  -0.4069   0.0000   0.2299
   1.000   0.1035   0.00392   0.00040   0.0019  0.4365  0.7500  -0.4658   0.0000   0.2294
   1.250   0.1310   0.00408   0.00044   0.0021  0.3973  0.7500  -0.5399   0.0000   0.2321
   1.500   0.1584   0.00425   0.00048   0.0022  0.3580  0.7500  -0.6246   0.0000   0.2339
   1.750   0.1852   0.00451   0.00054   0.0025  0.2980  0.7500  -0.7151   0.0000   0.2345
   2.000   0.2125   0.00471   0.00060   0.0026  0.2553  0.7500  -0.8273   0.0000   0.2355
   2.250   0.2398   0.00492   0.00068   0.0028  0.2170  0.7500  -0.9474   0.0000   0.2361
   2.500   0.2665   0.00521   0.00077   0.0030  0.1643  0.7500  -1.0667   0.0000   0.2363
   2.750   0.2939   0.00541   0.00086   0.0031  0.1319  0.7500  -1.2269   0.0000   0.2368
   3.000   0.3212   0.00563   0.00096   0.0033  0.1025  0.7500  -1.3926   0.0000   0.2371
   3.250   0.3486   0.00583   0.00107   0.0035  0.0776  0.7500  -1.5649   0.0000   0.2374
   3.500   0.3762   0.00602   0.00117   0.0036  0.0609  0.7500  -1.7437   0.0000   0.2376
   3.750   0.4038   0.00620   0.00129   0.0037  0.0472  0.7500  -1.9283   0.0000   0.2378
   4.000   0.4313   0.00638   0.00141   0.0039  0.0368  0.7500  -2.1187   0.0000   0.2380
   4.250   0.4589   0.00656   0.00156   0.0040  0.0297  0.7500  -2.3242   0.0000   0.2381
   4.500   0.4867   0.00671   0.00169   0.0041  0.0240  0.7500  -2.5769   0.0000   0.2382
   4.750   0.5142   0.00690   0.00183   0.0043  0.0194  0.7500  -2.8547   0.0000   0.2382
   5.250   0.5697   0.00720   0.00212   0.0045  0.0149  0.7500  -3.4450   0.0000   0.2382
   5.500   0.5964   0.00756   0.00248   0.0049  0.0098  0.7500  -3.7097   0.0000   0.2377
   5.750   0.6233   0.00787   0.00287   0.0053  0.0092  0.7500  -3.9992   0.0000   0.2373
   6.000   0.6502   0.00817   0.00321   0.0056  0.0088  0.7500  -4.3095   0.0000   0.2370
   6.250   0.6774   0.00840   0.00348   0.0058  0.0088  0.7500  -4.6480   0.0000   0.2368
   6.500   0.7055   0.00845   0.00349   0.0058  0.0087  0.7500  -5.0266   0.0000   0.2369
   6.750   0.7336   0.00848   0.00347   0.0058  0.0086  0.7500  -5.4225   0.0000   0.2370
   7.000   0.7616   0.00854   0.00348   0.0058  0.0081  0.7500  -5.8256   0.0000   0.2370
   7.500   0.8122   0.00973   0.00485   0.0071  0.0049  0.7500  -6.2705   0.0000   0.2354
   7.750   0.8376   0.01029   0.00549   0.0077  0.0048  0.7500  -6.5804   0.0000   0.2347
   8.000   0.8625   0.01090   0.00620   0.0083  0.0048  0.7500  -6.8936   0.0000   0.2340
   8.250   0.8875   0.01151   0.00690   0.0090  0.0049  0.7500  -7.2120   0.0000   0.2333
   8.500   0.9116   0.01225   0.00775   0.0097  0.0050  0.7500  -7.5267   0.0000   0.2325
   8.750   0.9347   0.01317   0.00880   0.0105  0.0052  0.7500  -7.8190   0.0000   0.2315
  11.250   0.6739   0.11541   0.11380  -0.0169  0.0087  0.7500  -2.4938   0.0000   0.2676
  11.500   0.6734   0.12054   0.11892  -0.0192  0.0087  0.7500  -2.4172   0.0000   0.2709
  11.750   0.6739   0.12551   0.12389  -0.0214  0.0087  0.7500  -2.3509   0.0000   0.2739
  12.000   0.6752   0.13034   0.12872  -0.0235  0.0087  0.7500  -2.2934   0.0000   0.2768
  12.250   0.6772   0.13504   0.13341  -0.0255  0.0087  0.7500  -2.2436   0.0000   0.2796
  12.500   0.6798   0.13961   0.13798  -0.0275  0.0087  0.7500  -2.2009   0.0000   0.2821
  12.750   0.6825   0.14396   0.14233  -0.0293  0.0086  0.7500  -2.1945   0.0000   0.2845
  13.000   0.6855   0.14819   0.14655  -0.0311  0.0086  0.7500  -2.2006   0.0000   0.2867
  13.250   0.6894   0.15237   0.15073  -0.0329  0.0086  0.7500  -2.2154   0.0000   0.2889
  13.500   0.6941   0.15642   0.15478  -0.0346  0.0085  0.7500  -2.2422   0.0000   0.2909
  13.750   0.7002   0.16014   0.15850  -0.0363  0.0084  0.7500  -2.2957   0.0000   0.2926
  14.000   0.7093   0.16322   0.16158  -0.0378  0.0077  0.7500  -2.3975   0.0000   0.2938
  14.250   0.7158   0.16706   0.16542  -0.0396  0.0068  0.7500  -2.4464   0.0000   0.2956
  14.500   0.7216   0.17081   0.16917  -0.0413  0.0061  0.7500  -2.5084   0.0000   0.2973
  14.750   0.7279   0.17431   0.17267  -0.0431  0.0057  0.7500  -2.5947   0.0000   0.2989
  15.000   0.7346   0.17757   0.17593  -0.0447  0.0053  0.7500  -2.7043   0.0000   0.3004
  15.250   0.7417   0.18063   0.17899  -0.0464  0.0050  0.7500  -2.8351   0.0000   0.3016
  15.500   0.7485   0.18387   0.18224  -0.0480  0.0049  0.7500  -2.9496   0.0000   0.3030
  15.750   0.7559   0.18680   0.18518  -0.0496  0.0047  0.7500  -3.0953   0.0000   0.3041
  16.000   0.7632   0.18976   0.18814  -0.0513  0.0045  0.7500  -3.2426   0.0000   0.3053
  17.000   0.7874   0.20481   0.20318  -0.0592  0.0031  0.7500  -3.5016   0.0000   0.3121
  17.250   0.7948   0.20812   0.20649  -0.0611  0.0023  0.7500  -3.5354   0.0000   0.3135
  17.500   0.7826   0.22210   0.22044  -0.0656  0.0038  0.7500  -1.8863   0.0000   0.3212
  17.750   0.7892   0.22610   0.22444  -0.0676  0.0038  0.7500  -1.8564   0.0000   0.3227
  18.000   0.7959   0.23014   0.22849  -0.0696  0.0038  0.7500  -1.8307   0.0000   0.3242
  18.250   0.8027   0.23422   0.23257  -0.0715  0.0038  0.7500  -1.8079   0.0000   0.3256
  18.500   0.8095   0.23834   0.23669  -0.0735  0.0038  0.7500  -1.7874   0.0000   0.3270
  18.750   0.8163   0.24244   0.24078  -0.0754  0.0038  0.7500  -1.7742   0.0000   0.3284
  19.000   0.8233   0.24652   0.24486  -0.0774  0.0038  0.7500  -1.7672   0.0000   0.3297
  19.250   0.8303   0.25062   0.24897  -0.0793  0.0037  0.7500  -1.7619   0.0000   0.3309
  19.500   0.8372   0.25476   0.25311  -0.0813  0.0037  0.7500  -1.7575   0.0000   0.3322
  19.750   0.8441   0.25892   0.25727  -0.0832  0.0037  0.7500  -1.7539   0.0000   0.3334
  20.000   0.8511   0.26309   0.26144  -0.0852  0.0037  0.7500  -1.7533   0.0000   0.3345
