
    XFLR5_v4.17

 Calculated polar for: NACA 0030

 1 1 Reynolds number fixed          Mach number fixed         

 xtrf =   0.750 (top)        0.750 (bottom)
 Mach =   0.120     Re =     1.500 e 6     Ncrit =  11.000

  alpha     CL        CD       CDp       CM    Top Xtr Bot Xtr   Cpmin    Chinge    XCp    
 ------- -------- --------- --------- -------- ------- ------- -------- --------- ---------
-20.000 -1.0352 0.06872 0.06386 -0.0995 0.1304 0.7500 -3.9117 0.0000 0.0865
-19.750 -1.0379 0.06597 0.06106 -0.0999 0.1321 0.7500 -3.8947 0.0000 0.0874
-19.500 -1.0299 0.06426 0.05932 -0.1002 0.1333 0.7500 -3.8536 0.0000 0.0869
-19.250 -1.0201 0.06269 0.05773 -0.1005 0.1343 0.7500 -3.8088 0.0000 0.0862
-19.000 -1.011 0.06105 0.05605 -0.1008 0.1349 0.7500 -3.7652 0.0000 0.0855
-18.750 -1.0088 0.05877 0.05371 -0.101 0.1354 0.7500 -3.7364 0.0000 0.0859
-18.500 -1.0056 0.05672 0.05164 -0.1011 0.1377 0.7500 -3.7052 0.0000 0.0862
-18.250 -1.0095 0.05412 0.04903 -0.1009 0.1421 0.7500 -3.6883 0.0000 0.0878
-18.000 -1.0201 0.05098 0.04588 -0.1006 0.1460 0.7500 -3.6839 0.0000 0.0904
-17.750 -1.0192 0.04892 0.04383 -0.1004 0.1491 0.7500 -3.6552 0.0000 0.0914
-17.500 -1.0212 0.04661 0.04150 -0.1001 0.1517 0.7500 -3.6333 0.0000 0.0929
-17.250 -1.0137 0.04502 0.03989 -0.0999 0.1540 0.7500 -3.5968 0.0000 0.0929
-17.000 -1.0021 0.04376 0.03861 -0.0999 0.1556 0.7500 -3.5525 0.0000 0.0924
-16.750 -0.9895 0.04257 0.03739 -0.0998 0.1567 0.7500 -3.5063 0.0000 0.0916
-16.500 -0.9806 0.04105 0.03583 -0.0997 0.1573 0.7500 -3.4671 0.0000 0.0914
-16.250 -0.9686 0.03983 0.03458 -0.0995 0.1584 0.7500 -3.4223 0.0000 0.0908
-16.000 -0.9679 0.03787 0.03262 -0.0988 0.1632 0.7500 -3.3977 0.0000 0.0923
-15.750 -0.9706 0.03564 0.03039 -0.0979 0.1678 0.7500 -3.3784 0.0000 0.0946
-15.500 -0.9649 0.03407 0.02884 -0.0973 0.1714 0.7500 -3.3438 0.0000 0.0954
-15.250 -0.9593 0.03250 0.02727 -0.0966 0.1743 0.7500 -3.3089 0.0000 0.0963
-15.000 -0.9491 0.03126 0.02602 -0.096 0.1768 0.7500 -3.2661 0.0000 0.0963
-14.750 -0.9348 0.03032 0.02507 -0.0956 0.1787 0.7500 -3.2165 0.0000 0.0956
-14.500 -0.9192 0.02945 0.02418 -0.0953 0.1801 0.7500 -3.1648 0.0000 0.0945
-14.250 -0.9048 0.02850 0.02320 -0.0949 0.1809 0.7500 -3.1152 0.0000 0.0937
-14.000 -0.8918 0.02754 0.02222 -0.0944 0.1833 0.7500 -3.0680 0.0000 0.0933
-13.750 -0.8871 0.02616 0.02085 -0.0931 0.1894 0.7500 -3.0368 0.0000 0.0949
-13.500 -0.8817 0.02479 0.01951 -0.0919 0.1944 0.7500 -3.0062 0.0000 0.0964
-13.250 -0.8701 0.02382 0.01856 -0.091 0.1982 0.7500 -2.9659 0.0000 0.0966
-13.000 -0.857 0.02292 0.01766 -0.0902 0.2011 0.7500 -2.9235 0.0000 0.0964
-12.750 -0.8412 0.02218 0.01691 -0.0895 0.2034 0.7500 -2.8772 0.0000 0.0955
-12.500 -0.822 0.02163 0.01635 -0.0891 0.2049 0.7500 -2.8261 0.0000 0.0937
-12.250 -0.8018 0.02113 0.01583 -0.0888 0.2058 0.7500 -2.7738 0.0000 0.0915
-12.000 -0.7892 0.02027 0.01497 -0.0877 0.2092 0.7500 -2.7326 0.0000 0.0916
-11.750 -0.7789 0.01935 0.01407 -0.0864 0.2155 0.7500 -2.6945 0.0000 0.0924
-11.500 -0.7668 0.01853 0.01329 -0.0851 0.2204 0.7500 -2.6536 0.0000 0.0928
-11.250 -0.7533 0.01780 0.01258 -0.0839 0.2244 0.7500 -2.6108 0.0000 0.0929
-11.000 -0.7352 0.01729 0.01208 -0.0832 0.2279 0.7500 -2.5618 0.0000 0.0914
-10.750 -0.7149 0.01688 0.01166 -0.0826 0.2303 0.7500 -2.5144 0.0000 0.0890
-10.500 -0.6937 0.01651 0.01128 -0.0821 0.2316 0.7500 -2.4668 0.0000 0.0862
-10.250 -0.6763 0.01601 0.01078 -0.0812 0.2346 0.7500 -2.4243 0.0000 0.0848
-10.000 -0.663 0.01539 0.01019 -0.0797 0.2415 0.7500 -2.3869 0.0000 0.0851
-9.750 -0.649 0.01479 0.00963 -0.0783 0.2470 0.7500 -2.3485 0.0000 0.0851
-9.500 -0.6318 0.01432 0.00920 -0.0771 0.2512 0.7500 -2.3063 0.0000 0.0838
-9.250 -0.6117 0.01397 0.00886 -0.0763 0.2547 0.7500 -2.2608 0.0000 0.0811
-9.000 -0.5901 0.01368 0.00857 -0.0757 0.2571 0.7500 -2.2137 0.0000 0.0776
-8.750 -0.5673 0.01343 0.00831 -0.0752 0.2587 0.7500 -2.1655 0.0000 0.0731
-8.250 -0.5375 0.01268 0.00753 -0.0717 0.2709 0.7299 -2.0921 0.0000 0.0730
-7.750 -0.5069 0.01208 0.00690 -0.068 0.2805 0.7042 -2.0207 0.0000 0.0728
-7.500 -0.4881 0.01192 0.00668 -0.0666 0.2837 0.6916 -1.9815 0.0000 0.0706
-7.250 -0.4673 0.01178 0.00650 -0.0655 0.2858 0.6805 -1.9404 0.0000 0.0667
-7.000 -0.4453 0.01166 0.00633 -0.0645 0.2871 0.6699 -1.8984 0.0000 0.0616
-6.500 -0.4157 0.01111 0.00577 -0.0604 0.3017 0.6472 -1.8293 0.0000 0.0618
-6.250 -0.3993 0.01090 0.00556 -0.0585 0.3073 0.6363 -1.7944 0.0000 0.0607
-6.000 -0.3807 0.01079 0.00540 -0.0569 0.3116 0.6238 -1.7598 0.0000 0.0576
-5.750 -0.3575 0.01068 0.00528 -0.0562 0.3143 0.6172 -1.7212 0.0000 0.0495
-5.500 -0.335 0.01063 0.00516 -0.0552 0.3158 0.6072 -1.6834 0.0000 0.0411
-5.250 -0.3208 0.01047 0.00497 -0.0528 0.3228 0.5936 -1.6533 0.0000 0.0416
-5.000 -0.303 0.01025 0.00479 -0.0511 0.3304 0.5878 -1.6202 0.0000 0.0375
-4.750 -0.2848 0.01011 0.00465 -0.0493 0.3359 0.5786 -1.5866 0.0000 0.0325
-4.500 -0.2667 0.01005 0.00455 -0.0475 0.3405 0.5671 -1.5530 0.0000 0.0272
-4.250 -0.2445 0.00999 0.00447 -0.0464 0.3438 0.5600 -1.5172 0.0000 0.0146
-4.000 -0.2206 0.00995 0.00440 -0.0456 0.3458 0.5534 -1.4825 0.0000 -0.0040
-3.750 -0.2059 0.00981 0.00426 -0.0432 0.3549 0.5444 -1.4555 0.0000 -0.0071
-3.250 -0.1718 0.00961 0.00408 -0.0391 0.3674 0.5272 -1.3976 0.0000 -0.0260
-3.000 -0.1512 0.00956 0.00402 -0.0376 0.3717 0.5202 -1.3660 0.0000 -0.0494
-2.750 -0.1312 0.00957 0.00398 -0.036 0.3744 0.5115 -1.3349 0.0000 -0.0773
-2.250 -0.098 0.00944 0.00385 -0.0315 0.3884 0.4969 -1.2800 0.0000 -0.1291
-2.000 -0.0819 0.00935 0.00379 -0.0292 0.3954 0.4912 -1.2549 0.0000 -0.1664
-1.750 -0.0659 0.00934 0.00376 -0.0268 0.4006 0.4832 -1.2297 0.0000 -0.2211
-1.500 -0.0505 0.00939 0.00376 -0.0242 0.4041 0.4720 -1.2051 0.0000 -0.3006
-1.250 -0.0306 0.00940 0.00375 -0.0225 0.4062 0.4668 -1.1773 0.0000 -0.5822
-1.000 -0.018 0.00931 0.00370 -0.0194 0.4150 0.4627 -1.1549 0.0000 -0.9566
-0.750 -0.0081 0.00926 0.00367 -0.0157 0.4228 0.4571 -1.1343 0.0000 -1.9088
-0.500 -0.0004 0.00926 0.00366 -0.0115 0.4290 0.4503 -1.1150 0.0000 -34.8586
-0.250 0.0035 0.00932 0.00368 -0.0066 0.4336 0.4410 -1.0998 0.0000 2.2618
   0.000  -0.0000   0.00934   0.00369   0.0000  0.4364  0.4364  -1.0897   0.0000   0.4497
   0.250  -0.0035   0.00932   0.00368   0.0066  0.4336  0.4410  -1.0998   0.0000   2.2618
   0.500   0.0004   0.00926   0.00366   0.0115  0.4290  0.4503  -1.1150   0.0000  -34.8586
   0.750   0.0081   0.00926   0.00367   0.0157  0.4228  0.4571  -1.1343   0.0000  -1.9088
   1.000   0.0180   0.00931   0.00370   0.0194  0.4150  0.4627  -1.1549   0.0000  -0.9566
   1.250   0.0306   0.00940   0.00375   0.0225  0.4062  0.4668  -1.1773   0.0000  -0.5822
   1.500   0.0505   0.00939   0.00376   0.0242  0.4041  0.4720  -1.2051   0.0000  -0.3006
   1.750   0.0659   0.00934   0.00376   0.0268  0.4006  0.4832  -1.2297   0.0000  -0.2211
   2.000   0.0819   0.00935   0.00379   0.0292  0.3954  0.4912  -1.2549   0.0000  -0.1664
   2.250   0.0980   0.00944   0.00385   0.0315  0.3884  0.4969  -1.2800   0.0000  -0.1291
   2.750   0.1312   0.00957   0.00398   0.0360  0.3744  0.5115  -1.3349   0.0000  -0.0773
   3.000   0.1512   0.00956   0.00402   0.0376  0.3717  0.5202  -1.3660   0.0000  -0.0494
   3.250   0.1718   0.00961   0.00408   0.0391  0.3674  0.5272  -1.3976   0.0000  -0.0260
   3.750   0.2059   0.00981   0.00426   0.0432  0.3549  0.5444  -1.4555   0.0000  -0.0071
   4.000   0.2206   0.00995   0.00440   0.0456  0.3458  0.5534  -1.4825   0.0000  -0.0040
   4.250   0.2445   0.00999   0.00447   0.0464  0.3438  0.5600  -1.5172   0.0000   0.0146
   4.500   0.2667   0.01005   0.00455   0.0475  0.3405  0.5671  -1.5530   0.0000   0.0272
   4.750   0.2848   0.01011   0.00465   0.0493  0.3359  0.5786  -1.5866   0.0000   0.0325
   5.000   0.3030   0.01025   0.00479   0.0511  0.3304  0.5878  -1.6202   0.0000   0.0375
   5.250   0.3208   0.01047   0.00497   0.0528  0.3228  0.5936  -1.6533   0.0000   0.0416
   5.500   0.3350   0.01063   0.00516   0.0552  0.3158  0.6072  -1.6834   0.0000   0.0411
   5.750   0.3575   0.01068   0.00528   0.0562  0.3143  0.6172  -1.7212   0.0000   0.0495
   6.000   0.3807   0.01079   0.00540   0.0569  0.3116  0.6238  -1.7598   0.0000   0.0576
   6.250   0.3993   0.01090   0.00556   0.0585  0.3073  0.6363  -1.7944   0.0000   0.0607
   6.500   0.4157   0.01111   0.00577   0.0604  0.3017  0.6472  -1.8293   0.0000   0.0618
   7.000   0.4453   0.01166   0.00633   0.0645  0.2871  0.6699  -1.8984   0.0000   0.0616
   7.250   0.4673   0.01178   0.00650   0.0655  0.2858  0.6805  -1.9404   0.0000   0.0667
   7.500   0.4881   0.01192   0.00668   0.0666  0.2837  0.6916  -1.9815   0.0000   0.0706
   7.750   0.5069   0.01208   0.00690   0.0680  0.2805  0.7042  -2.0207   0.0000   0.0728
   8.250   0.5375   0.01268   0.00753   0.0717  0.2709  0.7299  -2.0921   0.0000   0.0730
   8.750   0.5673   0.01343   0.00831   0.0752  0.2587  0.7500  -2.1655   0.0000   0.0731
   9.000   0.5901   0.01368   0.00857   0.0757  0.2571  0.7500  -2.2137   0.0000   0.0776
   9.250   0.6117   0.01397   0.00886   0.0763  0.2547  0.7500  -2.2608   0.0000   0.0811
   9.500   0.6318   0.01432   0.00920   0.0771  0.2512  0.7500  -2.3063   0.0000   0.0838
   9.750   0.6490   0.01479   0.00963   0.0783  0.2470  0.7500  -2.3485   0.0000   0.0851
  10.000   0.6630   0.01539   0.01019   0.0797  0.2415  0.7500  -2.3869   0.0000   0.0851
  10.250   0.6763   0.01601   0.01078   0.0812  0.2346  0.7500  -2.4243   0.0000   0.0848
  10.500   0.6937   0.01651   0.01128   0.0821  0.2316  0.7500  -2.4668   0.0000   0.0862
  10.750   0.7149   0.01688   0.01166   0.0826  0.2303  0.7500  -2.5144   0.0000   0.0890
  11.000   0.7352   0.01729   0.01208   0.0832  0.2279  0.7500  -2.5618   0.0000   0.0914
  11.250   0.7533   0.01780   0.01258   0.0839  0.2244  0.7500  -2.6108   0.0000   0.0929
  11.500   0.7668   0.01853   0.01329   0.0851  0.2204  0.7500  -2.6536   0.0000   0.0928
  11.750   0.7789   0.01935   0.01407   0.0864  0.2155  0.7500  -2.6945   0.0000   0.0924
  12.000   0.7892   0.02027   0.01497   0.0877  0.2092  0.7500  -2.7326   0.0000   0.0916
  12.250   0.8018   0.02113   0.01583   0.0888  0.2058  0.7500  -2.7738   0.0000   0.0915
  12.500   0.8220   0.02163   0.01635   0.0891  0.2049  0.7500  -2.8261   0.0000   0.0937
  12.750   0.8412   0.02218   0.01691   0.0895  0.2034  0.7500  -2.8772   0.0000   0.0955
  13.000   0.8570   0.02292   0.01766   0.0902  0.2011  0.7500  -2.9235   0.0000   0.0964
  13.250   0.8701   0.02382   0.01856   0.0910  0.1982  0.7500  -2.9659   0.0000   0.0966
  13.500   0.8817   0.02479   0.01951   0.0919  0.1944  0.7500  -3.0062   0.0000   0.0964
  13.750   0.8871   0.02616   0.02085   0.0931  0.1894  0.7500  -3.0368   0.0000   0.0949
  14.000   0.8918   0.02754   0.02222   0.0944  0.1833  0.7500  -3.0680   0.0000   0.0933
  14.250   0.9048   0.02850   0.02320   0.0949  0.1809  0.7500  -3.1152   0.0000   0.0937
  14.500   0.9192   0.02945   0.02418   0.0953  0.1801  0.7500  -3.1648   0.0000   0.0945
  14.750   0.9348   0.03032   0.02507   0.0956  0.1787  0.7500  -3.2165   0.0000   0.0956
  15.000   0.9491   0.03126   0.02602   0.0960  0.1768  0.7500  -3.2661   0.0000   0.0963
  15.250   0.9593   0.03250   0.02727   0.0966  0.1743  0.7500  -3.3089   0.0000   0.0963
  15.500   0.9649   0.03407   0.02884   0.0973  0.1714  0.7500  -3.3438   0.0000   0.0954
  15.750   0.9706   0.03564   0.03039   0.0979  0.1678  0.7500  -3.3784   0.0000   0.0946
  16.000   0.9679   0.03787   0.03262   0.0988  0.1632  0.7500  -3.3977   0.0000   0.0923
  16.250   0.9686   0.03983   0.03458   0.0995  0.1584  0.7500  -3.4223   0.0000   0.0908
  16.500   0.9806   0.04105   0.03583   0.0997  0.1573  0.7500  -3.4671   0.0000   0.0914
  16.750   0.9895   0.04257   0.03739   0.0998  0.1567  0.7500  -3.5063   0.0000   0.0916
  17.000   1.0021   0.04376   0.03861   0.0999  0.1556  0.7500  -3.5525   0.0000   0.0924
  17.250   1.0137   0.04502   0.03989   0.0999  0.1540  0.7500  -3.5968   0.0000   0.0929
  17.500   1.0212   0.04661   0.04150   0.1001  0.1517  0.7500  -3.6333   0.0000   0.0929
  17.750   1.0192   0.04892   0.04383   0.1004  0.1491  0.7500  -3.6552   0.0000   0.0914
  18.000   1.0201   0.05098   0.04588   0.1006  0.1460  0.7500  -3.6839   0.0000   0.0904
  18.250   1.0095   0.05412   0.04903   0.1009  0.1421  0.7500  -3.6883   0.0000   0.0878
  18.500   1.0056   0.05672   0.05164   0.1011  0.1377  0.7500  -3.7052   0.0000   0.0862
  18.750   1.0088   0.05877   0.05371   0.1010  0.1354  0.7500  -3.7364   0.0000   0.0859
  19.000   1.0110   0.06105   0.05605   0.1008  0.1349  0.7500  -3.7652   0.0000   0.0855
  19.250   1.0201   0.06269   0.05773   0.1005  0.1343  0.7500  -3.8088   0.0000   0.0862
  19.500   1.0299   0.06426   0.05932   0.1002  0.1333  0.7500  -3.8536   0.0000   0.0869
  19.750   1.0379   0.06597   0.06106   0.0999  0.1321  0.7500  -3.8947   0.0000   0.0874
  20.000   1.0352   0.06872   0.06386   0.0995  0.1304  0.7500  -3.9117   0.0000   0.0865
