
    XFLR5_v4.17

 Calculated polar for: NACA 0008

 1 1 Reynolds number fixed          Mach number fixed         

 xtrf =   0.750 (top)        0.750 (bottom)
 Mach =   0.180     Re =     7.500 e 6     Ncrit =  11.000

  alpha     CL        CD       CDp       CM    Top Xtr Bot Xtr   Cpmin    Chinge    XCp    
 ------- -------- --------- --------- -------- ------- ------- -------- --------- ---------
-19.250 -0.8612 0.23151 0.23014 0.0763 0.0013 0.7500 -5.0020 0.0000 0.3219
-19.000 -0.8536 0.22835 0.22697 0.0743 0.0014 0.7500 -4.8395 0.0000 0.3208
-18.750 -0.846 0.22524 0.22386 0.0724 0.0015 0.7500 -4.6822 0.0000 0.3198
-18.500 -0.8382 0.22221 0.22083 0.0706 0.0016 0.7500 -4.5226 0.0000 0.3187
-18.250 -0.8304 0.21923 0.21785 0.0687 0.0017 0.7500 -4.3668 0.0000 0.3177
-18.000 -0.8227 0.21623 0.21485 0.0668 0.0020 0.7500 -4.2247 0.0000 0.3166
-17.750 -0.8151 0.21320 0.21182 0.0649 0.0022 0.7500 -4.1009 0.0000 0.3153
-17.500 -0.8077 0.21016 0.20877 0.0629 0.0025 0.7500 -3.9963 0.0000 0.3140
-17.250 -0.8002 0.20720 0.20581 0.061 0.0028 0.7500 -3.8981 0.0000 0.3127
-17.000 -0.7925 0.20428 0.20289 0.0591 0.0030 0.7500 -3.7887 0.0000 0.3114
-16.750 -0.785 0.20106 0.19967 0.0573 0.0032 0.7500 -3.6678 0.0000 0.3101
-16.500 -0.7774 0.19781 0.19642 0.0556 0.0033 0.7500 -3.5381 0.0000 0.3090
-16.250 -0.7697 0.19462 0.19323 0.0539 0.0034 0.7500 -3.4028 0.0000 0.3078
-16.000 -0.7618 0.19147 0.19008 0.0522 0.0035 0.7500 -3.2640 0.0000 0.3066
-15.750 -0.754 0.18834 0.18695 0.0505 0.0036 0.7500 -3.1244 0.0000 0.3055
-15.500 -0.7471 0.18478 0.18338 0.0487 0.0037 0.7500 -3.0340 0.0000 0.3040
-15.250 -0.7383 0.18200 0.18059 0.0472 0.0038 0.7500 -2.8582 0.0000 0.3030
-15.000 -0.7294 0.17924 0.17784 0.0457 0.0039 0.7500 -2.6831 0.0000 0.3021
-14.750 -0.7225 0.17562 0.17422 0.0439 0.0039 0.7500 -2.6045 0.0000 0.3005
-14.500 -0.717 0.17152 0.17011 0.0421 0.0039 0.7500 -2.5755 0.0000 0.2986
-14.250 -0.7121 0.16724 0.16584 0.0401 0.0039 0.7500 -2.5615 0.0000 0.2965
-14.000 -0.7076 0.16286 0.16145 0.0382 0.0039 0.7500 -2.5558 0.0000 0.2943
-6.750 -0.7477 0.00741 0.00279 -0.0057 0.0070 0.7500 -5.7268 0.0000 0.2372
-6.500 -0.7198 0.00722 0.00263 -0.0054 0.0083 0.7500 -5.3337 0.0000 0.2375
-6.250 -0.6916 0.00709 0.00250 -0.0053 0.0086 0.7500 -4.9466 0.0000 0.2376
-6.000 -0.6634 0.00693 0.00232 -0.0051 0.0086 0.7500 -4.5773 0.0000 0.2378
-5.750 -0.6351 0.00680 0.00220 -0.005 0.0087 0.7500 -4.2180 0.0000 0.2379
-5.500 -0.6068 0.00667 0.00208 -0.0048 0.0088 0.7500 -3.8725 0.0000 0.2380
-5.250 -0.5785 0.00654 0.00196 -0.0047 0.0088 0.7500 -3.5412 0.0000 0.2380
-5.000 -0.5508 0.00629 0.00172 -0.0044 0.0143 0.7500 -3.2493 0.0000 0.2383
-4.750 -0.5225 0.00616 0.00161 -0.0043 0.0155 0.7500 -2.9431 0.0000 0.2383
-4.500 -0.494 0.00606 0.00151 -0.0042 0.0157 0.7500 -2.6476 0.0000 0.2382
-4.250 -0.466 0.00588 0.00138 -0.004 0.0224 0.7500 -2.3816 0.0000 0.2382
-4.000 -0.4376 0.00576 0.00126 -0.0039 0.0264 0.7500 -2.1689 0.0000 0.2380
-3.750 -0.4095 0.00560 0.00116 -0.0038 0.0339 0.7500 -1.9716 0.0000 0.2379
-3.500 -0.3812 0.00548 0.00107 -0.0037 0.0416 0.7500 -1.7795 0.0000 0.2376
-3.250 -0.3529 0.00534 0.00098 -0.0036 0.0504 0.7500 -1.5943 0.0000 0.2372
-3.000 -0.3247 0.00519 0.00089 -0.0034 0.0628 0.7500 -1.4162 0.0000 0.2368
-2.750 -0.2966 0.00503 0.00081 -0.0033 0.0799 0.7500 -1.2447 0.0000 0.2363
-2.500 -0.2686 0.00487 0.00073 -0.0032 0.1029 0.7500 -1.0802 0.0000 0.2356
-2.000 -0.2136 0.00452 0.00056 -0.0028 0.1695 0.7341 -0.8354 0.0000 0.2347
-1.750 -0.1869 0.00444 0.00051 -0.0024 0.1992 0.7021 -0.7233 0.0000 0.2349
-1.500 -0.1602 0.00440 0.00046 -0.002 0.2278 0.6681 -0.6309 0.0000 0.2351
-1.250 -0.134 0.00428 0.00041 -0.0016 0.2792 0.6332 -0.5476 0.0000 0.2359
-1.000 -0.1073 0.00423 0.00038 -0.0013 0.3149 0.5980 -0.4739 0.0000 0.2361
-0.750 -0.0803 0.00422 0.00035 -0.001 0.3446 0.5626 -0.4124 0.0000 0.2358
-0.500 -0.0536 0.00417 0.00033 -0.0006 0.3879 0.5299 -0.3610 0.0000 0.2359
-0.250 -0.0269 0.00412 0.00032 -0.0003 0.4284 0.4968 -0.3186 0.0000 0.2366
   0.000   0.0000   0.00411   0.00031  -0.0000  0.4629  0.4629  -0.2833   0.0000   0.5818
   0.250   0.0269   0.00412   0.00032   0.0003  0.4284  0.4968  -0.3186   0.0000   0.2366
   0.500   0.0536   0.00417   0.00033   0.0006  0.3879  0.5299  -0.3610   0.0000   0.2359
   0.750   0.0803   0.00422   0.00035   0.0010  0.3446  0.5626  -0.4124   0.0000   0.2358
   1.000   0.1073   0.00423   0.00038   0.0013  0.3149  0.5980  -0.4739   0.0000   0.2361
   1.250   0.1340   0.00428   0.00041   0.0016  0.2792  0.6332  -0.5476   0.0000   0.2359
   1.500   0.1602   0.00440   0.00046   0.0020  0.2278  0.6681  -0.6309   0.0000   0.2351
   1.750   0.1869   0.00444   0.00051   0.0024  0.1992  0.7021  -0.7233   0.0000   0.2349
   2.000   0.2136   0.00452   0.00056   0.0028  0.1695  0.7341  -0.8354   0.0000   0.2347
   2.500   0.2686   0.00487   0.00073   0.0032  0.1029  0.7500  -1.0802   0.0000   0.2356
   2.750   0.2966   0.00503   0.00081   0.0033  0.0799  0.7500  -1.2447   0.0000   0.2363
   3.000   0.3247   0.00519   0.00089   0.0034  0.0628  0.7500  -1.4162   0.0000   0.2368
   3.250   0.3529   0.00534   0.00098   0.0036  0.0504  0.7500  -1.5943   0.0000   0.2372
   3.500   0.3812   0.00548   0.00107   0.0037  0.0416  0.7500  -1.7795   0.0000   0.2376
   3.750   0.4095   0.00560   0.00116   0.0038  0.0339  0.7500  -1.9716   0.0000   0.2379
   4.000   0.4376   0.00576   0.00126   0.0039  0.0264  0.7500  -2.1689   0.0000   0.2380
   4.250   0.4660   0.00588   0.00138   0.0040  0.0224  0.7500  -2.3816   0.0000   0.2382
   4.500   0.4940   0.00606   0.00151   0.0042  0.0157  0.7500  -2.6476   0.0000   0.2382
   4.750   0.5225   0.00616   0.00161   0.0043  0.0155  0.7500  -2.9431   0.0000   0.2383
   5.000   0.5508   0.00629   0.00172   0.0044  0.0143  0.7500  -3.2493   0.0000   0.2383
   5.250   0.5785   0.00654   0.00196   0.0047  0.0088  0.7500  -3.5412   0.0000   0.2380
   5.500   0.6068   0.00667   0.00208   0.0048  0.0088  0.7500  -3.8725   0.0000   0.2380
   5.750   0.6351   0.00680   0.00220   0.0050  0.0087  0.7500  -4.2180   0.0000   0.2379
   6.000   0.6634   0.00693   0.00232   0.0051  0.0086  0.7500  -4.5773   0.0000   0.2378
   6.250   0.6916   0.00709   0.00250   0.0053  0.0086  0.7500  -4.9466   0.0000   0.2376
   6.500   0.7198   0.00722   0.00263   0.0054  0.0083  0.7500  -5.3337   0.0000   0.2375
   6.750   0.7477   0.00741   0.00279   0.0057  0.0070  0.7500  -5.7268   0.0000   0.2372
  14.000   0.7076   0.16286   0.16145  -0.0382  0.0039  0.7500  -2.5558   0.0000   0.2943
  14.250   0.7121   0.16724   0.16584  -0.0401  0.0039  0.7500  -2.5615   0.0000   0.2965
  14.500   0.7170   0.17152   0.17011  -0.0421  0.0039  0.7500  -2.5755   0.0000   0.2986
  14.750   0.7225   0.17562   0.17422  -0.0439  0.0039  0.7500  -2.6045   0.0000   0.3005
  15.000   0.7294   0.17924   0.17784  -0.0457  0.0039  0.7500  -2.6831   0.0000   0.3021
  15.250   0.7383   0.18200   0.18059  -0.0472  0.0038  0.7500  -2.8582   0.0000   0.3030
  15.500   0.7471   0.18478   0.18338  -0.0487  0.0037  0.7500  -3.0340   0.0000   0.3040
  15.750   0.7540   0.18834   0.18695  -0.0505  0.0036  0.7500  -3.1244   0.0000   0.3055
  16.000   0.7618   0.19147   0.19008  -0.0522  0.0035  0.7500  -3.2640   0.0000   0.3066
  16.250   0.7697   0.19462   0.19323  -0.0539  0.0034  0.7500  -3.4028   0.0000   0.3078
  16.500   0.7774   0.19781   0.19642  -0.0556  0.0033  0.7500  -3.5381   0.0000   0.3090
  16.750   0.7850   0.20106   0.19967  -0.0573  0.0032  0.7500  -3.6678   0.0000   0.3101
  17.000   0.7925   0.20428   0.20289  -0.0591  0.0030  0.7500  -3.7887   0.0000   0.3114
  17.250   0.8002   0.20720   0.20581  -0.0610  0.0028  0.7500  -3.8981   0.0000   0.3127
  17.500   0.8077   0.21016   0.20877  -0.0629  0.0025  0.7500  -3.9963   0.0000   0.3140
  17.750   0.8151   0.21320   0.21182  -0.0649  0.0022  0.7500  -4.1009   0.0000   0.3153
  18.000   0.8227   0.21623   0.21485  -0.0668  0.0020  0.7500  -4.2247   0.0000   0.3166
  18.250   0.8304   0.21923   0.21785  -0.0687  0.0017  0.7500  -4.3668   0.0000   0.3177
  18.500   0.8382   0.22221   0.22083  -0.0706  0.0016  0.7500  -4.5226   0.0000   0.3187
  18.750   0.8460   0.22524   0.22386  -0.0724  0.0015  0.7500  -4.6822   0.0000   0.3198
  19.000   0.8536   0.22835   0.22697  -0.0743  0.0014  0.7500  -4.8395   0.0000   0.3208
  19.250   0.8612   0.23151   0.23014  -0.0763  0.0013  0.7500  -5.0020   0.0000   0.3219
