
    XFLR5_v4.17

 Calculated polar for: NACA 43013.5

 1 1 Reynolds number fixed          Mach number fixed         

 xtrf =   0.700 (top)        0.800 (bottom)
 Mach =   0.180     Re =     8.500 e 6     Ncrit =  11.000

  alpha     CL        CD       CDp       CM    Top Xtr Bot Xtr   Cpmin    Chinge    XCp    
 ------- -------- --------- --------- -------- ------- ------- -------- --------- ---------
 -18.100  -0.6957   0.16110   0.15937  -0.0027  0.7000  0.0087  -7.2642   0.0000   0.2205
 -18.000  -0.6917   0.16021   0.15848  -0.0032  0.7000  0.0089  -7.2020   0.0000   0.2200
 -17.900  -0.6876   0.15933   0.15761  -0.0037  0.7000  0.0090  -7.1386   0.0000   0.2195
 -17.800  -0.6835   0.15845   0.15674  -0.0042  0.7000  0.0091  -7.0751   0.0000   0.2189
 -17.700  -0.6794   0.15757   0.15586  -0.0046  0.7000  0.0092  -7.0118   0.0000   0.2184
 -17.600  -0.6753   0.15668   0.15497  -0.0051  0.7000  0.0092  -6.9490   0.0000   0.2178
 -17.500  -0.6713   0.15578   0.15408  -0.0056  0.7000  0.0093  -6.8877   0.0000   0.2172
 -17.400  -0.6673   0.15487   0.15317  -0.0061  0.7000  0.0094  -6.8269   0.0000   0.2166
 -17.300  -0.6633   0.15396   0.15226  -0.0066  0.7000  0.0094  -6.7666   0.0000   0.2160
 -17.200  -0.6594   0.15305   0.15135  -0.0070  0.7000  0.0095  -6.7068   0.0000   0.2154
 -17.100  -0.6554   0.15213   0.15043  -0.0075  0.7000  0.0096  -6.6475   0.0000   0.2148
 -17.000  -0.6515   0.15121   0.14951  -0.0080  0.7000  0.0096  -6.5887   0.0000   0.2141
 -16.900  -0.6476   0.15028   0.14858  -0.0085  0.7000  0.0097  -6.5304   0.0000   0.2135
 -16.800  -0.6437   0.14935   0.14765  -0.0090  0.7000  0.0097  -6.4728   0.0000   0.2128
 -16.700  -0.6398   0.14841   0.14672  -0.0095  0.7000  0.0098  -6.4158   0.0000   0.2121
 -16.600  -0.6360   0.14746   0.14577  -0.0099  0.7000  0.0098  -6.3596   0.0000   0.2115
 -16.500  -0.6322   0.14651   0.14482  -0.0104  0.7000  0.0099  -6.3041   0.0000   0.2108
 -16.400  -0.6284   0.14555   0.14387  -0.0109  0.7000  0.0099  -6.2495   0.0000   0.2100
 -16.300  -0.6247   0.14459   0.14290  -0.0114  0.7000  0.0100  -6.1956   0.0000   0.2093
 -16.200  -0.6211   0.14361   0.14192  -0.0119  0.7000  0.0100  -6.1433   0.0000   0.2086
 -16.100  -0.6175   0.14261   0.14093  -0.0124  0.7000  0.0101  -6.0926   0.0000   0.2078
 -16.000  -0.6140   0.14161   0.13993  -0.0129  0.7000  0.0101  -6.0430   0.0000   0.2070
 -15.900  -0.6105   0.14060   0.13892  -0.0134  0.7000  0.0101  -5.9942   0.0000   0.2062
 -15.800  -0.6070   0.13959   0.13791  -0.0139  0.7000  0.0102  -5.9461   0.0000   0.2054
 -15.700  -0.6036   0.13857   0.13689  -0.0144  0.7000  0.0102  -5.8990   0.0000   0.2046
 -15.600  -0.6003   0.13755   0.13587  -0.0149  0.7000  0.0103  -5.8527   0.0000   0.2038
 -15.500  -0.5971   0.13653   0.13485  -0.0154  0.7000  0.0103  -5.8074   0.0000   0.2030
 -15.400  -0.5939   0.13550   0.13382  -0.0159  0.7000  0.0104  -5.7631   0.0000   0.2021
 -15.300  -0.5907   0.13447   0.13279  -0.0164  0.7000  0.0104  -5.7199   0.0000   0.2013
 -14.900  -0.5794   0.13020   0.12853  -0.0185  0.7000  0.0107  -5.5675   0.0000   0.1977
 -14.800  -0.5763   0.12911   0.12743  -0.0191  0.7000  0.0107  -5.5272   0.0000   0.1968
 -14.700  -0.5732   0.12800   0.12633  -0.0196  0.7000  0.0108  -5.4876   0.0000   0.1958
 -14.600  -0.5702   0.12689   0.12521  -0.0201  0.7000  0.0108  -5.4488   0.0000   0.1948
 -14.500  -0.5672   0.12576   0.12409  -0.0207  0.7000  0.0109  -5.4109   0.0000   0.1938
 -14.400  -0.5643   0.12463   0.12296  -0.0212  0.7000  0.0109  -5.3739   0.0000   0.1928
 -14.300  -0.5614   0.12348   0.12181  -0.0218  0.7000  0.0110  -5.3376   0.0000   0.1917
 -14.200  -0.5585   0.12233   0.12066  -0.0224  0.7000  0.0110  -5.3021   0.0000   0.1907
 -14.100  -0.5557   0.12117   0.11950  -0.0229  0.7000  0.0111  -5.2672   0.0000   0.1896
 -14.000  -0.5529   0.12000   0.11833  -0.0235  0.7000  0.0111  -5.2331   0.0000   0.1885
 -13.900  -0.5502   0.11882   0.11716  -0.0241  0.7000  0.0112  -5.1998   0.0000   0.1874
 -13.800  -0.5475   0.11764   0.11597  -0.0246  0.7000  0.0112  -5.1666   0.0000   0.1863
 -13.700  -0.5448   0.11645   0.11479  -0.0252  0.7000  0.0113  -5.1338   0.0000   0.1851
 -13.600  -0.5421   0.11526   0.11360  -0.0258  0.7000  0.0113  -5.1014   0.0000   0.1840
 -13.500  -0.5395   0.11406   0.11241  -0.0264  0.7000  0.0114  -5.0693   0.0000   0.1828
 -13.400  -0.5369   0.11286   0.11121  -0.0269  0.7000  0.0114  -5.0377   0.0000   0.1817
 -13.300  -0.5344   0.11166   0.11000  -0.0275  0.7000  0.0115  -5.0067   0.0000   0.1805
 -13.200  -0.5319   0.11044   0.10879  -0.0281  0.7000  0.0115  -4.9762   0.0000   0.1793
 -13.100  -0.5295   0.10922   0.10758  -0.0287  0.7000  0.0115  -4.9465   0.0000   0.1781
 -13.000  -0.5271   0.10800   0.10635  -0.0293  0.7000  0.0116  -4.9174   0.0000   0.1768
 -12.900  -0.5248   0.10677   0.10512  -0.0299  0.7000  0.0116  -4.8891   0.0000   0.1756
 -12.800  -0.5226   0.10552   0.10388  -0.0305  0.7000  0.0117  -4.8618   0.0000   0.1743
 -12.700  -0.5204   0.10428   0.10264  -0.0311  0.7000  0.0117  -4.8354   0.0000   0.1731
 -12.600  -0.5184   0.10303   0.10139  -0.0317  0.7000  0.0117  -4.8099   0.0000   0.1718
 -12.500  -0.5165   0.10177   0.10014  -0.0323  0.7000  0.0118  -4.7856   0.0000   0.1705
 -12.400  -0.5147   0.10052   0.09889  -0.0329  0.7000  0.0118  -4.7626   0.0000   0.1693
 -12.300  -0.5131   0.09926   0.09763  -0.0335  0.7000  0.0118  -4.7407   0.0000   0.1680
 -12.200  -0.5114   0.09797   0.09635  -0.0342  0.7000  0.0119  -4.7193   0.0000   0.1667
 -12.100  -0.5096   0.09665   0.09503  -0.0349  0.7000  0.0119  -4.6975   0.0000   0.1653
 -12.000  -0.5078   0.09531   0.09369  -0.0356  0.7000  0.0119  -4.6767   0.0000   0.1638
 -11.900  -0.5061   0.09394   0.09233  -0.0363  0.7000  0.0119  -4.6571   0.0000   0.1623
 -11.800  -0.5046   0.09256   0.09095  -0.0370  0.7000  0.0120  -4.6389   0.0000   0.1607
 -11.700  -0.5031   0.09115   0.08954  -0.0378  0.7000  0.0120  -4.6222   0.0000   0.1591
 -11.600  -0.5018   0.08971   0.08810  -0.0386  0.7000  0.0120  -4.6072   0.0000   0.1575
 -11.500  -0.5007   0.08824   0.08663  -0.0394  0.7000  0.0121  -4.5943   0.0000   0.1558
 -11.400  -0.4997   0.08673   0.08513  -0.0403  0.7000  0.0121  -4.5838   0.0000   0.1541
 -11.300  -0.4990   0.08516   0.08357  -0.0412  0.7000  0.0121  -4.5763   0.0000   0.1523
 -11.200  -0.4986   0.08354   0.08195  -0.0422  0.7000  0.0121  -4.5726   0.0000   0.1505
 -11.100  -0.4987   0.08184   0.08025  -0.0433  0.7000  0.0122  -4.5742   0.0000   0.1485
 -11.000  -0.4994   0.08000   0.07842  -0.0445  0.7000  0.0122  -4.5835   0.0000   0.1464
 -10.900  -0.5010   0.07796   0.07638  -0.0459  0.7000  0.0122  -4.6056   0.0000   0.1440
 -10.800  -0.5699   0.06244   0.06082  -0.0618  0.7000  0.0122  -5.4594   0.0000   0.1282
 -10.700  -0.5900   0.05939   0.05774  -0.0636  0.7000  0.0122  -5.6167   0.0000   0.1295
 -10.600  -0.6048   0.05740   0.05572  -0.0638  0.7000  0.0122  -5.7075   0.0000   0.1321
 -10.500  -0.6145   0.05596   0.05427  -0.0634  0.7000  0.0122  -5.7497   0.0000   0.1347
 -10.400  -0.6212   0.05481   0.05310  -0.0627  0.7000  0.0122  -5.7649   0.0000   0.1372
 -10.300  -0.6260   0.05384   0.05210  -0.0618  0.7000  0.0123  -5.7633   0.0000   0.1398
 -10.200  -0.6298   0.05298   0.05123  -0.0606  0.7000  0.0123  -5.7520   0.0000   0.1424
 -10.100  -0.6320   0.05219   0.05042  -0.0597  0.7000  0.0123  -5.7306   0.0000   0.1443
 -10.000  -0.6312   0.05137   0.04958  -0.0592  0.7000  0.0123  -5.6909   0.0000   0.1452
  -9.900  -0.6295   0.05059   0.04879  -0.0587  0.7000  0.0123  -5.6446   0.0000   0.1458
  -9.800  -0.6270   0.04986   0.04804  -0.0583  0.7000  0.0123  -5.5928   0.0000   0.1463
  -9.700  -0.6238   0.04916   0.04733  -0.0578  0.7000  0.0123  -5.5361   0.0000   0.1466
  -9.600  -0.6201   0.04850   0.04665  -0.0574  0.7000  0.0124  -5.4751   0.0000   0.1469
  -9.500  -0.6158   0.04787   0.04600  -0.0570  0.7000  0.0124  -5.4103   0.0000   0.1470
  -9.400  -0.6110   0.04727   0.04539  -0.0566  0.7000  0.0124  -5.3420   0.0000   0.1470
  -9.300  -0.6058   0.04671   0.04481  -0.0563  0.7000  0.0124  -5.2705   0.0000   0.1469
  -9.200  -0.6001   0.04617   0.04426  -0.0559  0.7000  0.0124  -5.1959   0.0000   0.1467
  -6.400  -0.4985   0.00889   0.00467  -0.0314  0.6482  0.0128  -5.2456   0.0000   0.1777
  -6.300  -0.4905   0.00855   0.00426  -0.0307  0.6396  0.0127  -5.2017   0.0000   0.1782
  -6.200  -0.4817   0.00832   0.00396  -0.0300  0.6282  0.0127  -5.1449   0.0000   0.1784
  -6.100  -0.4722   0.00811   0.00371  -0.0295  0.6241  0.0127  -5.0798   0.0000   0.1783
  -6.000  -0.4618   0.00802   0.00359  -0.0292  0.6180  0.0128  -4.9950   0.0000   0.1776
  -5.900  -0.4512   0.00799   0.00354  -0.0290  0.6086  0.0128  -4.9037   0.0000   0.1767
  -4.900  -0.3520   0.00695   0.00200  -0.0247  0.5146  0.0159  -4.2401   0.0000   0.1710
  -4.800  -0.3413   0.00691   0.00195  -0.0244  0.5032  0.0174  -4.1592   0.0000   0.1695
  -4.700  -0.3301   0.00688   0.00193  -0.0243  0.5000  0.0181  -4.0731   0.0000   0.1675
  -4.600  -0.3190   0.00686   0.00191  -0.0241  0.4937  0.0186  -3.9875   0.0000   0.1655
  -4.500  -0.3082   0.00687   0.00189  -0.0239  0.4835  0.0189  -3.9036   0.0000   0.1635
  -4.400  -0.2971   0.00687   0.00187  -0.0237  0.4719  0.0192  -3.8191   0.0000   0.1612
  -4.300  -0.2856   0.00685   0.00185  -0.0236  0.4687  0.0194  -3.7342   0.0000   0.1583
  -4.200  -0.2744   0.00685   0.00184  -0.0235  0.4624  0.0195  -3.6507   0.0000   0.1554
  -4.100  -0.2634   0.00688   0.00183  -0.0233  0.4520  0.0197  -3.5688   0.0000   0.1525
  -4.000  -0.2522   0.00688   0.00182  -0.0231  0.4407  0.0198  -3.4866   0.0000   0.1491
  -3.900  -0.2408   0.00687   0.00180  -0.0230  0.4375  0.0198  -3.4042   0.0000   0.1451
  -3.800  -0.2295   0.00687   0.00179  -0.0229  0.4311  0.0199  -3.3233   0.0000   0.1409
  -3.700  -0.2186   0.00690   0.00179  -0.0227  0.4207  0.0199  -3.2444   0.0000   0.1367
  -3.600  -0.2074   0.00690   0.00177  -0.0226  0.4097  0.0200  -3.1651   0.0000   0.1316
  -3.500  -0.1959   0.00689   0.00176  -0.0225  0.4066  0.0200  -3.0858   0.0000   0.1256
  -3.400  -0.1847   0.00690   0.00176  -0.0223  0.4001  0.0200  -3.0082   0.0000   0.1192
  -3.300  -0.1738   0.00693   0.00175  -0.0222  0.3898  0.0201  -2.9324   0.0000   0.1126
  -3.200  -0.1626   0.00693   0.00174  -0.0220  0.3791  0.0201  -2.8564   0.0000   0.1043
  -3.100  -0.1512   0.00693   0.00173  -0.0219  0.3761  0.0201  -2.7804   0.0000   0.0944
  -3.000  -0.1400   0.00693   0.00172  -0.0218  0.3697  0.0201  -2.7063   0.0000   0.0836
  -2.900  -0.1291   0.00696   0.00172  -0.0216  0.3597  0.0202  -2.6341   0.0000   0.0716
  -2.800  -0.1179   0.00696   0.00170  -0.0215  0.3491  0.0202  -2.5616   0.0000   0.0565
  -2.700  -0.1066   0.00695   0.00169  -0.0214  0.3461  0.0202  -2.4895   0.0000   0.0375
  -2.600  -0.0956   0.00697   0.00168  -0.0212  0.3387  0.0202  -2.4195   0.0000   0.0155
  -2.500  -0.0848   0.00700   0.00167  -0.0210  0.3265  0.0202  -2.3512   0.0000  -0.0108
  -2.400  -0.0736   0.00699   0.00165  -0.0209  0.3185  0.0202  -2.2824   0.0000  -0.0479
  -2.300  -0.0625   0.00699   0.00163  -0.0207  0.3130  0.0202  -2.2148   0.0000  -0.0972
  -2.200  -0.0519   0.00702   0.00162  -0.0205  0.3024  0.0202  -2.1495   0.0000  -0.1628
  -2.100  -0.0409   0.00703   0.00160  -0.0203  0.2909  0.0203  -2.0841   0.0000  -0.2682
  -2.000  -0.0296   0.00701   0.00157  -0.0202  0.2883  0.0203  -2.0188   0.0000  -0.4587
  -1.900  -0.0185   0.00700   0.00155  -0.0200  0.2837  0.0203  -1.9551   0.0000  -0.8695
  -1.800  -0.0077   0.00701   0.00153  -0.0198  0.2771  0.0203  -1.8929   0.0000  -2.4072
  -1.600   0.0142   0.00698   0.00143  -0.0195  0.2629  0.0203  -1.7715   0.0000   1.6525
  -1.500   0.0256   0.00696   0.00141  -0.0194  0.2613  0.0203  -1.7098   0.0000   1.0245
  -1.400   0.0368   0.00696   0.00139  -0.0193  0.2586  0.0203  -1.6492   0.0000   0.7829
  -1.300   0.0479   0.00696   0.00137  -0.0191  0.2546  0.0203  -1.5897   0.0000   0.6550
  -1.100   0.0692   0.00688   0.00122  -0.0186  0.2451  0.0258  -1.4912   0.0000   0.5207
  -1.000   0.0803   0.00687   0.00122  -0.0185  0.2395  0.0273  -1.4434   0.0000   0.4806
  -0.900   0.0917   0.00687   0.00121  -0.0184  0.2359  0.0281  -1.3955   0.0000   0.4503
  -0.800   0.1032   0.00686   0.00121  -0.0183  0.2351  0.0285  -1.3477   0.0000   0.4267
  -0.700   0.1147   0.00686   0.00121  -0.0183  0.2339  0.0287  -1.3002   0.0000   0.4078
  -0.600   0.1261   0.00686   0.00121  -0.0182  0.2322  0.0289  -1.2533   0.0000   0.3924
  -0.500   0.1375   0.00687   0.00121  -0.0181  0.2302  0.0290  -1.2069   0.0000   0.3795
  -0.400   0.1488   0.00688   0.00121  -0.0180  0.2279  0.0290  -1.1611   0.0000   0.3686
  -0.300   0.1601   0.00689   0.00121  -0.0179  0.2256  0.0291  -1.1158   0.0000   0.3592
  -0.200   0.1714   0.00690   0.00121  -0.0178  0.2230  0.0291  -1.0710   0.0000   0.3510
  -0.100   0.1828   0.00691   0.00121  -0.0178  0.2203  0.0291  -1.0266   0.0000   0.3439
   0.000   0.1942   0.00691   0.00121  -0.0177  0.2175  0.0292  -0.9827   0.0000   0.3376
   0.100   0.2056   0.00692   0.00121  -0.0176  0.2145  0.0292  -0.9404   0.0000   0.3321
   0.200   0.2171   0.00692   0.00121  -0.0176  0.2121  0.0292  -0.9570   0.0000   0.3271
   0.300   0.2285   0.00692   0.00121  -0.0175  0.2101  0.0292  -0.9738   0.0000   0.3226
   0.400   0.2401   0.00691   0.00121  -0.0175  0.2100  0.0292  -0.9907   0.0000   0.3186
   0.600   0.2627   0.00686   0.00117  -0.0173  0.2096  0.0357  -1.0243   0.0000   0.3113
   0.700   0.2741   0.00685   0.00117  -0.0172  0.2093  0.0376  -1.0413   0.0000   0.3082
   0.800   0.2856   0.00685   0.00117  -0.0172  0.2089  0.0385  -1.0584   0.0000   0.3054
   0.900   0.2971   0.00685   0.00117  -0.0171  0.2082  0.0390  -1.0756   0.0000   0.3028
   1.000   0.3086   0.00686   0.00117  -0.0171  0.2072  0.0392  -1.0929   0.0000   0.3004
   1.100   0.3200   0.00687   0.00118  -0.0170  0.2057  0.0393  -1.1101   0.0000   0.2981
   1.200   0.3313   0.00688   0.00119  -0.0169  0.2039  0.0393  -1.1274   0.0000   0.2960
   1.300   0.3426   0.00690   0.00119  -0.0168  0.2020  0.0394  -1.1446   0.0000   0.2940
   1.400   0.3539   0.00691   0.00119  -0.0168  0.2003  0.0405  -1.1618   0.0000   0.2920
   1.500   0.3651   0.00692   0.00120  -0.0167  0.1984  0.0445  -1.1790   0.0000   0.2902
   1.600   0.3763   0.00692   0.00121  -0.0166  0.1963  0.0471  -1.1964   0.0000   0.2885
   1.700   0.3876   0.00693   0.00121  -0.0165  0.1941  0.0489  -1.2138   0.0000   0.2870
   1.800   0.3990   0.00694   0.00122  -0.0164  0.1917  0.0500  -1.2314   0.0000   0.2855
   1.900   0.4104   0.00695   0.00123  -0.0164  0.1894  0.0504  -1.2490   0.0000   0.2841
   2.000   0.4218   0.00696   0.00124  -0.0163  0.1873  0.0511  -1.2667   0.0000   0.2828
   2.100   0.4332   0.00697   0.00125  -0.0162  0.1855  0.0549  -1.2844   0.0000   0.2816
   2.200   0.4446   0.00696   0.00126  -0.0162  0.1848  0.0584  -1.3022   0.0000   0.2804
   2.300   0.4561   0.00696   0.00127  -0.0161  0.1848  0.0610  -1.3202   0.0000   0.2793
   2.400   0.4676   0.00696   0.00127  -0.0161  0.1847  0.0625  -1.3383   0.0000   0.2783
   2.500   0.4791   0.00696   0.00128  -0.0161  0.1847  0.0661  -1.3565   0.0000   0.2773
   2.600   0.4905   0.00696   0.00129  -0.0160  0.1846  0.0717  -1.3746   0.0000   0.2763
   2.800   0.5132   0.00694   0.00132  -0.0159  0.1845  0.0889  -1.4110   0.0000   0.2745
   2.900   0.5241   0.00689   0.00133  -0.0157  0.1844  0.1260  -1.4288   0.0000   0.2734
   3.000   0.5279   0.00634   0.00130  -0.0143  0.1843  0.3648  -1.4396   0.0000   0.2704
   3.100   0.5371   0.00621   0.00131  -0.0139  0.1842  0.4219  -1.4570   0.0000   0.2690
   3.200   0.5466   0.00609   0.00131  -0.0135  0.1841  0.4675  -1.4759   0.0000   0.2678
   3.300   0.5564   0.00600   0.00133  -0.0131  0.1839  0.5106  -1.4951   0.0000   0.2666
   3.400   0.5661   0.00592   0.00133  -0.0127  0.1837  0.5478  -1.5144   0.0000   0.2655
   3.500   0.5762   0.00585   0.00135  -0.0124  0.1835  0.5795  -1.5340   0.0000   0.2644
   3.600   0.5864   0.00580   0.00136  -0.0121  0.1832  0.6070  -1.5540   0.0000   0.2635
   3.700   0.5968   0.00576   0.00138  -0.0119  0.1829  0.6302  -1.5742   0.0000   0.2626
   3.800   0.6071   0.00572   0.00139  -0.0116  0.1824  0.6531  -1.5942   0.0000   0.2617
   3.900   0.6170   0.00567   0.00141  -0.0113  0.1816  0.6811  -1.6141   0.0000   0.2608
   4.000   0.6267   0.00562   0.00143  -0.0109  0.1806  0.7109  -1.6338   0.0000   0.2598
   4.100   0.6364   0.00559   0.00145  -0.0105  0.1792  0.7382  -1.6534   0.0000   0.2588
   4.200   0.6463   0.00557   0.00148  -0.0101  0.1774  0.7590  -1.6734   0.0000   0.2579
   4.300   0.6567   0.00559   0.00151  -0.0099  0.1754  0.7739  -1.6939   0.0000   0.2572
   4.400   0.6665   0.00558   0.00153  -0.0095  0.1733  0.7920  -1.7138   0.0000   0.2563
   4.500   0.6774   0.00561   0.00156  -0.0093  0.1710  0.8000  -1.7349   0.0000   0.2557
   4.600   0.6889   0.00565   0.00159  -0.0093  0.1687  0.8000  -1.7567   0.0000   0.2554
   4.700   0.7004   0.00569   0.00161  -0.0093  0.1664  0.8000  -1.7786   0.0000   0.2550
   4.800   0.7119   0.00572   0.00164  -0.0093  0.1642  0.8000  -1.8006   0.0000   0.2547
   4.900   0.7234   0.00576   0.00167  -0.0093  0.1622  0.8000  -1.8227   0.0000   0.2544
   5.000   0.7350   0.00579   0.00169  -0.0092  0.1604  0.8000  -1.8447   0.0000   0.2541
   5.100   0.7466   0.00582   0.00172  -0.0092  0.1597  0.8000  -1.8671   0.0000   0.2538
   5.200   0.7582   0.00585   0.00174  -0.0092  0.1597  0.8000  -1.8897   0.0000   0.2535
   5.300   0.7699   0.00587   0.00176  -0.0093  0.1597  0.8000  -1.9123   0.0000   0.2532
   5.400   0.7816   0.00590   0.00180  -0.0093  0.1596  0.8000  -1.9350   0.0000   0.2529
   5.500   0.7932   0.00593   0.00182  -0.0093  0.1596  0.8000  -1.9578   0.0000   0.2527
   5.600   0.8049   0.00595   0.00184  -0.0093  0.1595  0.8000  -1.9807   0.0000   0.2524
   5.700   0.8165   0.00598   0.00187  -0.0093  0.1595  0.8000  -2.0036   0.0000   0.2522
   5.800   0.8281   0.00601   0.00189  -0.0093  0.1594  0.8000  -2.0266   0.0000   0.2519
   5.900   0.8398   0.00603   0.00192  -0.0093  0.1593  0.8000  -2.0496   0.0000   0.2516
   6.000   0.8514   0.00606   0.00194  -0.0093  0.1593  0.8000  -2.0727   0.0000   0.2514
   6.100   0.8630   0.00609   0.00197  -0.0093  0.1592  0.8000  -2.0959   0.0000   0.2511
   6.200   0.8746   0.00612   0.00199  -0.0093  0.1591  0.8000  -2.1192   0.0000   0.2509
   6.300   0.8862   0.00614   0.00202  -0.0093  0.1589  0.8000  -2.1429   0.0000   0.2506
   6.400   0.8978   0.00617   0.00205  -0.0093  0.1588  0.8000  -2.1693   0.0000   0.2504
   6.500   0.9094   0.00620   0.00208  -0.0093  0.1586  0.8000  -2.1958   0.0000   0.2501
   6.600   0.9209   0.00623   0.00210  -0.0093  0.1584  0.8000  -2.2224   0.0000   0.2499
   6.700   0.9324   0.00626   0.00213  -0.0093  0.1581  0.8000  -2.2490   0.0000   0.2496
   6.800   0.9439   0.00630   0.00216  -0.0092  0.1576  0.8000  -2.2757   0.0000   0.2494
   6.900   0.9554   0.00633   0.00219  -0.0092  0.1570  0.8000  -2.3024   0.0000   0.2491
   7.000   0.9667   0.00638   0.00223  -0.0092  0.1560  0.8000  -2.3291   0.0000   0.2488
   7.100   0.9779   0.00643   0.00227  -0.0091  0.1546  0.8000  -2.3557   0.0000   0.2486
   7.200   0.9890   0.00649   0.00231  -0.0090  0.1528  0.8000  -2.3821   0.0000   0.2482
   7.300   0.9999   0.00656   0.00236  -0.0089  0.1509  0.8000  -2.4085   0.0000   0.2479
   7.400   1.0109   0.00662   0.00240  -0.0088  0.1490  0.8000  -2.4349   0.0000   0.2476
   7.500   1.0220   0.00668   0.00246  -0.0087  0.1472  0.8000  -2.4616   0.0000   0.2473
   7.600   1.0332   0.00673   0.00250  -0.0087  0.1453  0.8000  -2.4885   0.0000   0.2470
   7.700   1.0444   0.00679   0.00254  -0.0086  0.1433  0.8000  -2.5154   0.0000   0.2467
   7.800   1.0556   0.00684   0.00258  -0.0085  0.1411  0.8000  -2.5425   0.0000   0.2465
   7.900   1.0668   0.00689   0.00262  -0.0085  0.1390  0.8000  -2.5697   0.0000   0.2462
   8.000   1.0780   0.00694   0.00267  -0.0084  0.1371  0.8000  -2.5969   0.0000   0.2459
   8.100   1.0892   0.00698   0.00271  -0.0083  0.1355  0.8000  -2.6241   0.0000   0.2456
   8.200   1.1006   0.00702   0.00275  -0.0083  0.1352  0.8000  -2.6519   0.0000   0.2454
   8.300   1.1120   0.00706   0.00278  -0.0083  0.1352  0.8000  -2.6799   0.0000   0.2451
   8.400   1.1233   0.00709   0.00282  -0.0082  0.1352  0.8000  -2.7079   0.0000   0.2449
   8.500   1.1347   0.00713   0.00286  -0.0082  0.1351  0.8000  -2.7360   0.0000   0.2447
   8.600   1.1461   0.00716   0.00289  -0.0082  0.1351  0.8000  -2.7642   0.0000   0.2444
   8.700   1.1575   0.00720   0.00293  -0.0081  0.1350  0.8000  -2.7924   0.0000   0.2442
   8.800   1.1688   0.00723   0.00297  -0.0081  0.1350  0.8000  -2.8208   0.0000   0.2439
   8.900   1.1801   0.00727   0.00301  -0.0080  0.1349  0.8000  -2.8492   0.0000   0.2437
   9.000   1.1915   0.00731   0.00305  -0.0080  0.1348  0.8000  -2.8787   0.0000   0.2434
   9.100   1.2028   0.00735   0.00309  -0.0079  0.1347  0.8000  -2.9110   0.0000   0.2432
   9.200   1.2141   0.00738   0.00313  -0.0079  0.1346  0.8000  -2.9435   0.0000   0.2430
   9.300   1.2254   0.00742   0.00317  -0.0078  0.1344  0.8000  -2.9760   0.0000   0.2427
   9.400   1.2366   0.00746   0.00321  -0.0078  0.1342  0.8000  -3.0086   0.0000   0.2425
   9.500   1.2478   0.00751   0.00326  -0.0077  0.1339  0.8000  -3.0413   0.0000   0.2422
   9.600   1.2590   0.00755   0.00331  -0.0076  0.1337  0.8000  -3.0740   0.0000   0.2419
   9.700   1.2701   0.00760   0.00335  -0.0076  0.1333  0.8000  -3.1068   0.0000   0.2417
   9.800   1.2812   0.00764   0.00340  -0.0075  0.1328  0.8000  -3.1396   0.0000   0.2414
   9.900   1.2922   0.00770   0.00345  -0.0074  0.1322  0.8000  -3.1723   0.0000   0.2411
  10.000   1.3031   0.00776   0.00350  -0.0073  0.1313  0.8000  -3.2050   0.0000   0.2408
  10.100   1.3137   0.00783   0.00357  -0.0071  0.1300  0.8000  -3.2374   0.0000   0.2405
  10.200   1.3242   0.00791   0.00363  -0.0069  0.1286  0.8000  -3.2696   0.0000   0.2402
  10.300   1.3346   0.00800   0.00370  -0.0067  0.1270  0.8000  -3.3017   0.0000   0.2398
  10.400   1.3450   0.00809   0.00378  -0.0065  0.1253  0.8000  -3.3337   0.0000   0.2395
  10.500   1.3553   0.00818   0.00385  -0.0063  0.1233  0.8000  -3.3659   0.0000   0.2391
  10.600   1.3657   0.00827   0.00393  -0.0061  0.1210  0.8000  -3.3982   0.0000   0.2388
  10.700   1.3762   0.00835   0.00399  -0.0059  0.1184  0.8000  -3.4308   0.0000   0.2385
  10.800   1.3867   0.00842   0.00406  -0.0058  0.1157  0.8000  -3.4635   0.0000   0.2381
  10.900   1.3973   0.00849   0.00413  -0.0056  0.1135  0.8000  -3.4965   0.0000   0.2378
  11.000   1.4079   0.00856   0.00419  -0.0054  0.1119  0.8000  -3.5318   0.0000   0.2375
  11.100   1.4189   0.00861   0.00425  -0.0053  0.1118  0.8000  -3.5704   0.0000   0.2372
  11.200   1.4298   0.00866   0.00430  -0.0052  0.1117  0.8000  -3.6091   0.0000   0.2370
  11.300   1.4407   0.00871   0.00436  -0.0051  0.1117  0.8000  -3.6480   0.0000   0.2367
  11.400   1.4516   0.00876   0.00442  -0.0050  0.1116  0.8000  -3.6870   0.0000   0.2364
  11.500   1.4624   0.00881   0.00447  -0.0048  0.1115  0.8000  -3.7261   0.0000   0.2361
  11.600   1.4732   0.00886   0.00453  -0.0047  0.1113  0.8000  -3.7652   0.0000   0.2358
  11.700   1.4839   0.00892   0.00459  -0.0046  0.1111  0.8000  -3.8044   0.0000   0.2355
  11.800   1.4946   0.00898   0.00465  -0.0044  0.1108  0.8000  -3.8436   0.0000   0.2352
  11.900   1.5052   0.00904   0.00472  -0.0042  0.1104  0.8000  -3.8827   0.0000   0.2349
  12.000   1.5156   0.00911   0.00479  -0.0040  0.1098  0.8000  -3.9216   0.0000   0.2346
  12.100   1.5258   0.00919   0.00487  -0.0038  0.1090  0.8000  -3.9604   0.0000   0.2343
  12.200   1.5356   0.00929   0.00496  -0.0035  0.1077  0.8000  -4.0039   0.0000   0.2339
  12.300   1.5447   0.00944   0.00508  -0.0031  0.1055  0.8000  -4.0458   0.0000   0.2334
  12.400   1.5532   0.00961   0.00522  -0.0027  0.1027  0.8000  -4.0865   0.0000   0.2329
  12.500   1.5618   0.00977   0.00536  -0.0022  0.0995  0.8000  -4.1274   0.0000   0.2324
  12.600   1.5710   0.00990   0.00547  -0.0018  0.0964  0.8000  -4.1722   0.0000   0.2320
  12.700   1.5807   0.01000   0.00557  -0.0015  0.0938  0.8000  -4.2228   0.0000   0.2316
  12.800   1.5905   0.01009   0.00565  -0.0012  0.0918  0.8000  -4.2826   0.0000   0.2312
  12.900   1.6005   0.01017   0.00574  -0.0009  0.0902  0.8000  -4.3433   0.0000   0.2309
  13.000   1.6107   0.01024   0.00581  -0.0007  0.0898  0.8000  -4.4049   0.0000   0.2305
  13.100   1.6208   0.01032   0.00589  -0.0005  0.0897  0.8000  -4.4684   0.0000   0.2302
  13.200   1.6309   0.01039   0.00597  -0.0002  0.0895  0.8000  -4.5414   0.0000   0.2299
  13.300   1.6409   0.01046   0.00605   0.0001  0.0893  0.8000  -4.6148   0.0000   0.2295
  13.400   1.6508   0.01054   0.00613   0.0003  0.0891  0.8000  -4.6884   0.0000   0.2291
  13.500   1.6606   0.01062   0.00622   0.0006  0.0888  0.8000  -4.7622   0.0000   0.2288
  13.600   1.6702   0.01071   0.00631   0.0009  0.0884  0.8000  -4.8358   0.0000   0.2284
  13.700   1.6794   0.01081   0.00641   0.0013  0.0876  0.8000  -4.9085   0.0000   0.2280
  13.800   1.6873   0.01098   0.00656   0.0019  0.0858  0.8000  -4.9769   0.0000   0.2274
  13.900   1.6929   0.01121   0.00677   0.0029  0.0829  0.8000  -5.0372   0.0000   0.2267
  14.000   1.6972   0.01146   0.00698   0.0041  0.0797  0.8000  -5.0933   0.0000   0.2258
  14.100   1.7028   0.01166   0.00716   0.0051  0.0760  0.8000  -5.1541   0.0000   0.2250
  14.200   1.7096   0.01183   0.00732   0.0058  0.0723  0.8000  -5.2199   0.0000   0.2244
  14.300   1.7173   0.01195   0.00744   0.0065  0.0699  0.8000  -5.2897   0.0000   0.2238
  14.400   1.7257   0.01205   0.00755   0.0070  0.0697  0.8000  -5.3621   0.0000   0.2233
  14.500   1.7339   0.01216   0.00766   0.0076  0.0694  0.8000  -5.4347   0.0000   0.2228
  14.600   1.7420   0.01228   0.00778   0.0081  0.0690  0.8000  -5.5069   0.0000   0.2223
  14.700   1.7496   0.01241   0.00791   0.0088  0.0685  0.8000  -5.5781   0.0000   0.2218
  14.800   1.7566   0.01257   0.00807   0.0095  0.0676  0.8000  -5.6468   0.0000   0.2212
  14.900   1.7612   0.01283   0.00832   0.0105  0.0656  0.8000  -5.7079   0.0000   0.2204
  15.000   1.7646   0.01313   0.00860   0.0117  0.0632  0.8000  -5.7646   0.0000   0.2195
  15.100   1.7682   0.01344   0.00889   0.0129  0.0607  0.8000  -5.8312   0.0000   0.2187
  15.200   1.7726   0.01371   0.00914   0.0139  0.0580  0.8000  -5.9026   0.0000   0.2179
  15.300   1.7782   0.01393   0.00936   0.0148  0.0551  0.8000  -5.9794   0.0000   0.2173
  15.400   1.7843   0.01413   0.00956   0.0155  0.0524  0.8000  -6.0594   0.0000   0.2167
  15.500   1.7911   0.01429   0.00973   0.0162  0.0519  0.8000  -6.1435   0.0000   0.2161
  15.600   1.7978   0.01447   0.00991   0.0168  0.0514  0.8000  -6.2274   0.0000   0.2156
  15.700   1.8039   0.01468   0.01012   0.0176  0.0508  0.8000  -6.3086   0.0000   0.2150
  15.800   1.8078   0.01497   0.01041   0.0186  0.0496  0.8000  -6.3803   0.0000   0.2143
  15.900   1.8101   0.01535   0.01078   0.0197  0.0477  0.8000  -6.4437   0.0000   0.2134
  16.000   1.8111   0.01579   0.01120   0.0210  0.0457  0.8000  -6.5016   0.0000   0.2125
  16.100   1.8129   0.01621   0.01161   0.0222  0.0436  0.8000  -6.5630   0.0000   0.2117
  16.200   1.8157   0.01658   0.01198   0.0232  0.0413  0.8000  -6.6300   0.0000   0.2109
  16.300   1.8194   0.01692   0.01231   0.0240  0.0388  0.8000  -6.7014   0.0000   0.2102
  16.400   1.8243   0.01720   0.01259   0.0248  0.0369  0.8000  -6.7796   0.0000   0.2096
  16.500   1.8292   0.01748   0.01289   0.0255  0.0365  0.8000  -6.8582   0.0000   0.2091
  16.600   1.8335   0.01780   0.01321   0.0262  0.0361  0.8000  -6.9338   0.0000   0.2085
  16.700   1.8370   0.01818   0.01360   0.0270  0.0353  0.8000  -7.0059   0.0000   0.2078
  16.800   1.8383   0.01867   0.01409   0.0280  0.0343  0.8000  -7.0669   0.0000   0.2071
  16.900   1.8383   0.01926   0.01467   0.0290  0.0329  0.8000  -7.1210   0.0000   0.2063
  17.000   1.8380   0.01987   0.01529   0.0300  0.0316  0.8000  -7.1738   0.0000   0.2055
  17.100   1.8377   0.02051   0.01592   0.0310  0.0302  0.8000  -7.2273   0.0000   0.2048
  17.200   1.8378   0.02113   0.01655   0.0319  0.0284  0.8000  -7.2819   0.0000   0.2040
  17.300   1.8382   0.02173   0.01716   0.0327  0.0263  0.8000  -7.3384   0.0000   0.2034
  17.400   1.8407   0.02225   0.01768   0.0333  0.0244  0.8000  -7.4063   0.0000   0.2028
  17.500   1.8429   0.02278   0.01823   0.0338  0.0240  0.8000  -7.4735   0.0000   0.2023
  17.600   1.8446   0.02338   0.01884   0.0344  0.0236  0.8000  -7.5372   0.0000   0.2017
  17.700   1.8456   0.02404   0.01951   0.0350  0.0230  0.8000  -7.5979   0.0000   0.2012
  17.800   1.8437   0.02492   0.02040   0.0356  0.0223  0.8000  -7.6425   0.0000   0.2006
  17.900   1.8423   0.02580   0.02129   0.0362  0.0215  0.8000  -7.6889   0.0000   0.2000
  18.000   1.8392   0.02683   0.02233   0.0367  0.0208  0.8000  -7.7262   0.0000   0.1994
  18.100   1.8375   0.02778   0.02329   0.0372  0.0200  0.8000  -7.7710   0.0000   0.1989
  18.200   1.8347   0.02886   0.02438   0.0376  0.0194  0.8000  -7.8097   0.0000   0.1984
  18.300   1.8335   0.02983   0.02537   0.0379  0.0187  0.8000  -7.8570   0.0000   0.1979
  18.400   1.8317   0.03087   0.02643   0.0381  0.0180  0.8000  -7.9012   0.0000   0.1975
  18.500   1.8301   0.03190   0.02747   0.0383  0.0173  0.8000  -7.9460   0.0000   0.1971
  18.600   1.8297   0.03281   0.02840   0.0385  0.0166  0.8000  -7.9983   0.0000   0.1967
  18.700   1.8267   0.03403   0.02964   0.0385  0.0160  0.8000  -8.0349   0.0000   0.1964
  18.800   1.8264   0.03501   0.03065   0.0386  0.0153  0.8000  -8.0873   0.0000   0.1961
  18.900   1.8245   0.03619   0.03185   0.0386  0.0148  0.8000  -8.1302   0.0000   0.1958
  19.000   1.8229   0.03737   0.03305   0.0385  0.0144  0.8000  -8.1748   0.0000   0.1955
  19.100   1.8230   0.03838   0.03408   0.0385  0.0143  0.8000  -8.2297   0.0000   0.1953
  19.200   1.8191   0.03987   0.03560   0.0382  0.0143  0.8000  -8.2598   0.0000   0.1951
  19.300   1.8176   0.04109   0.03684   0.0381  0.0142  0.8000  -8.3047   0.0000   0.1949
  19.400   1.8158   0.04234   0.03812   0.0379  0.0141  0.8000  -8.3483   0.0000   0.1947
  19.500   1.8100   0.04411   0.03993   0.0374  0.0140  0.8000  -8.3657   0.0000   0.1945
  19.600   1.8076   0.04545   0.04129   0.0372  0.0139  0.8000  -8.4050   0.0000   0.1944
  19.700   1.7999   0.04748   0.04336   0.0366  0.0139  0.8000  -8.4103   0.0000   0.1943
  19.800   1.7957   0.04908   0.04498   0.0362  0.0137  0.8000  -8.4372   0.0000   0.1942
  19.900   1.7873   0.05122   0.04716   0.0355  0.0137  0.8000  -8.4372   0.0000   0.1942
  20.000   1.7805   0.05316   0.04914   0.0349  0.0135  0.8000  -8.4471   0.0000   0.1941


