
    XFLR5_v4.17

 Calculated polar for: NACA 0011

 1 1 Reynolds number fixed          Mach number fixed         

 xtrf =   0.750 (top)        0.750 (bottom)
 Mach =   0.180     Re =     4.000 e 6     Ncrit =  11.000

  alpha     CL        CD       CDp       CM    Top Xtr Bot Xtr   Cpmin    Chinge    XCp    
 ------- -------- --------- --------- -------- ------- ------- -------- --------- ---------
-20.000 -1.0331 0.16251 0.16048 0.0239 0.0048 0.7500 -9.5239 0.0000 0.2446
-19.750 -1.0669 0.15092 0.14881 0.0167 0.0047 0.7500 -10.1163 0.0000 0.2372
-19.500 -1.1014 0.13968 0.13750 0.0098 0.0047 0.7500 -10.6603 0.0000 0.2306
-19.250 -1.137 0.12868 0.12641 0.003 0.0046 0.7500 -11.1722 0.0000 0.2246
-19.000 -1.1742 0.11795 0.11561 -0.0034 0.0046 0.7500 -11.6617 0.0000 0.2194
-18.750 -1.2127 0.10753 0.10511 -0.0097 0.0046 0.7500 -12.1292 0.0000 0.2147
-18.500 -1.2523 0.09677 0.09426 -0.0161 0.0046 0.7500 -12.5867 0.0000 0.2102
-18.250 -1.2876 0.08703 0.08442 -0.0218 0.0045 0.7500 -12.9564 0.0000 0.2066
-18.000 -1.3226 0.07751 0.07480 -0.0275 0.0045 0.7500 -13.2996 0.0000 0.2033
-17.750 -1.3551 0.06878 0.06596 -0.0326 0.0045 0.7500 -13.5876 0.0000 0.2006
-17.500 -1.3833 0.06085 0.05791 -0.0373 0.0045 0.7500 -13.8074 0.0000 0.1983
-17.250 -1.4073 0.05369 0.05063 -0.0416 0.0045 0.7500 -13.9621 0.0000 0.1964
-17.000 -1.4276 0.04737 0.04419 -0.0451 0.0045 0.7500 -14.0601 0.0000 0.1950
-16.750 -1.4448 0.04196 0.03865 -0.0477 0.0045 0.7500 -14.1078 0.0000 0.1942
-16.500 -1.4593 0.03742 0.03398 -0.0493 0.0045 0.7500 -14.1122 0.0000 0.1940
-16.250 -1.4705 0.03359 0.03001 -0.05 0.0045 0.7500 -14.0738 0.0000 0.1945
-16.000 -1.4796 0.03041 0.02670 -0.0496 0.0045 0.7500 -14.0032 0.0000 0.1955
-15.750 -1.4868 0.02782 0.02397 -0.0483 0.0045 0.7500 -13.9081 0.0000 0.1971
-15.500 -1.4916 0.02562 0.02164 -0.0464 0.0045 0.7500 -13.7860 0.0000 0.1990
-15.250 -1.4946 0.02379 0.01967 -0.0438 0.0046 0.7500 -13.6466 0.0000 0.2013
-15.000 -1.4956 0.02219 0.01793 -0.0408 0.0046 0.7500 -13.4925 0.0000 0.2038
-14.750 -1.495 0.02076 0.01634 -0.0375 0.0048 0.7500 -13.3342 0.0000 0.2065
-14.500 -1.4967 0.01920 0.01460 -0.0333 0.0056 0.7500 -13.2604 0.0000 0.2098
-14.250 -1.4858 0.01840 0.01380 -0.0306 0.0068 0.7500 -12.9830 0.0000 0.2119
-14.000 -1.4659 0.01793 0.01334 -0.0292 0.0075 0.7500 -12.5859 0.0000 0.2131
-13.750 -1.4439 0.01755 0.01296 -0.028 0.0079 0.7500 -12.1698 0.0000 0.2140
-13.500 -1.4209 0.01722 0.01263 -0.027 0.0082 0.7500 -11.7481 0.0000 0.2149
-13.250 -1.397 0.01693 0.01234 -0.0261 0.0084 0.7500 -11.3243 0.0000 0.2157
-13.000 -1.3724 0.01668 0.01209 -0.0253 0.0085 0.7500 -10.9017 0.0000 0.2164
-12.750 -1.3474 0.01645 0.01188 -0.0246 0.0086 0.7500 -10.4826 0.0000 0.2170
-12.500 -1.3219 0.01625 0.01169 -0.0239 0.0087 0.7500 -10.0678 0.0000 0.2176
-12.250 -1.2959 0.01607 0.01151 -0.0233 0.0087 0.7500 -9.6587 0.0000 0.2181
-12.000 -1.2704 0.01585 0.01129 -0.0227 0.0088 0.7500 -9.2637 0.0000 0.2187
-11.750 -1.245 0.01561 0.01105 -0.022 0.0088 0.7500 -8.8794 0.0000 0.2192
-11.500 -1.2197 0.01535 0.01079 -0.0214 0.0088 0.7500 -8.5064 0.0000 0.2198
-11.250 -1.1945 0.01506 0.01049 -0.0207 0.0088 0.7500 -8.1447 0.0000 0.2204
-11.000 -1.1695 0.01474 0.01015 -0.02 0.0089 0.7500 -7.7944 0.0000 0.2210
-10.750 -1.1502 0.01386 0.00915 -0.0185 0.0090 0.7500 -7.5219 0.0000 0.2224
-10.500 -1.1296 0.01305 0.00822 -0.0171 0.0092 0.7500 -7.2469 0.0000 0.2237
-10.250 -1.1069 0.01243 0.00750 -0.016 0.0093 0.7500 -6.9544 0.0000 0.2247
-10.000 -1.0833 0.01188 0.00686 -0.015 0.0095 0.7500 -6.6634 0.0000 0.2256
-9.750 -1.0588 0.01141 0.00631 -0.0141 0.0097 0.7500 -6.3717 0.0000 0.2265
-9.500 -1.0338 0.01097 0.00580 -0.0133 0.0100 0.7500 -6.0836 0.0000 0.2272
-9.250 -1.0091 0.01048 0.00524 -0.0124 0.0119 0.7500 -5.8175 0.0000 0.2281
-9.000 -0.9836 0.01010 0.00491 -0.0118 0.0147 0.7500 -5.5293 0.0000 0.2288
-8.750 -0.9564 0.00990 0.00472 -0.0114 0.0153 0.7500 -5.2347 0.0000 0.2291
-8.250 -0.901 0.00958 0.00441 -0.0108 0.0157 0.7500 -4.7315 0.0000 0.2296
-7.750 -0.8467 0.00912 0.00390 -0.01 0.0168 0.7500 -4.2781 0.0000 0.2303
-7.500 -0.8203 0.00879 0.00357 -0.0095 0.0207 0.7500 -4.0753 0.0000 0.2309
-7.250 -0.7933 0.00854 0.00335 -0.0091 0.0235 0.7500 -3.8604 0.0000 0.2312
-7.000 -0.7654 0.00838 0.00320 -0.0089 0.0243 0.7500 -3.6432 0.0000 0.2314
-6.750 -0.7375 0.00823 0.00305 -0.0086 0.0251 0.7500 -3.4312 0.0000 0.2315
-6.500 -0.7104 0.00797 0.00282 -0.0082 0.0310 0.7500 -3.2343 0.0000 0.2318
-6.250 -0.6829 0.00777 0.00265 -0.0079 0.0343 0.7500 -3.0359 0.0000 0.2320
-6.000 -0.6548 0.00762 0.00250 -0.0077 0.0363 0.7500 -2.8412 0.0000 0.2320
-5.750 -0.6274 0.00740 0.00232 -0.0074 0.0439 0.7500 -2.6533 0.0000 0.2322
-5.500 -0.5994 0.00724 0.00219 -0.0072 0.0474 0.7500 -2.4666 0.0000 0.2322
-5.250 -0.5718 0.00704 0.00204 -0.0069 0.0568 0.7500 -2.2870 0.0000 0.2323
-5.000 -0.544 0.00687 0.00191 -0.0067 0.0649 0.7500 -2.1108 0.0000 0.2323
-4.750 -0.5164 0.00666 0.00177 -0.0064 0.0763 0.7500 -1.9616 0.0000 0.2323
-4.500 -0.4887 0.00647 0.00165 -0.0062 0.0891 0.7500 -1.8261 0.0000 0.2322
-4.250 -0.4608 0.00631 0.00153 -0.006 0.1020 0.7500 -1.6939 0.0000 0.2320
-4.000 -0.4331 0.00612 0.00141 -0.0058 0.1168 0.7500 -1.5667 0.0000 0.2319
-3.750 -0.4054 0.00592 0.00130 -0.0055 0.1352 0.7500 -1.4408 0.0000 0.2317
-3.500 -0.378 0.00571 0.00119 -0.0052 0.1612 0.7500 -1.3186 0.0000 0.2315
-3.250 -0.3503 0.00553 0.00110 -0.005 0.1821 0.7500 -1.2044 0.0000 0.2312
-3.000 -0.3226 0.00535 0.00101 -0.0048 0.2055 0.7500 -1.1079 0.0000 0.2307
-2.750 -0.2948 0.00517 0.00094 -0.0046 0.2302 0.7500 -1.0135 0.0000 0.2301
-2.500 -0.2671 0.00500 0.00087 -0.0044 0.2580 0.7500 -0.9214 0.0000 0.2294
-2.250 -0.2394 0.00483 0.00081 -0.0042 0.2861 0.7500 -0.8434 0.0000 0.2284
-2.000 -0.2124 0.00472 0.00074 -0.0038 0.3133 0.7356 -0.7698 0.0000 0.2282
-1.750 -0.1863 0.00464 0.00069 -0.0032 0.3428 0.7096 -0.7030 0.0000 0.2287
-1.500 -0.1599 0.00459 0.00065 -0.0027 0.3691 0.6829 -0.6435 0.0000 0.2292
-1.250 -0.1336 0.00454 0.00062 -0.0022 0.3983 0.6561 -0.5892 0.0000 0.2298
-1.000 -0.1068 0.00451 0.00059 -0.0018 0.4231 0.6325 -0.5393 0.0000 0.2297
-0.750 -0.08 0.00448 0.00057 -0.0013 0.4499 0.6074 -0.4958 0.0000 0.2296
-0.500 -0.0531 0.00446 0.00056 -0.0009 0.4741 0.5825 -0.4564 0.0000 0.2287
-0.250 -0.0265 0.00445 0.00055 -0.0005 0.4994 0.5557 -0.4210 0.0000 0.2283
   0.000  -0.0000   0.00444   0.00055  -0.0000  0.5286  0.5286  -0.3887   0.0000  -1.2371
   0.250   0.0265   0.00445   0.00055   0.0005  0.4994  0.5557  -0.4210   0.0000   0.2283
   0.500   0.0531   0.00446   0.00056   0.0009  0.4741  0.5825  -0.4564   0.0000   0.2287
   0.750   0.0800   0.00448   0.00057   0.0013  0.4499  0.6074  -0.4958   0.0000   0.2296
   1.000   0.1068   0.00451   0.00059   0.0018  0.4231  0.6325  -0.5393   0.0000   0.2297
   1.250   0.1336   0.00454   0.00062   0.0022  0.3983  0.6561  -0.5892   0.0000   0.2298
   1.500   0.1599   0.00459   0.00065   0.0027  0.3691  0.6829  -0.6435   0.0000   0.2292
   1.750   0.1863   0.00464   0.00069   0.0032  0.3428  0.7096  -0.7030   0.0000   0.2287
   2.000   0.2124   0.00472   0.00074   0.0038  0.3133  0.7356  -0.7698   0.0000   0.2282
   2.250   0.2394   0.00483   0.00081   0.0042  0.2861  0.7500  -0.8434   0.0000   0.2284
   2.500   0.2671   0.00500   0.00087   0.0044  0.2580  0.7500  -0.9214   0.0000   0.2294
   2.750   0.2948   0.00517   0.00094   0.0046  0.2302  0.7500  -1.0135   0.0000   0.2301
   3.000   0.3226   0.00535   0.00101   0.0048  0.2055  0.7500  -1.1079   0.0000   0.2307
   3.250   0.3503   0.00553   0.00110   0.0050  0.1821  0.7500  -1.2044   0.0000   0.2312
   3.500   0.3780   0.00571   0.00119   0.0052  0.1612  0.7500  -1.3186   0.0000   0.2315
   3.750   0.4054   0.00592   0.00130   0.0055  0.1352  0.7500  -1.4408   0.0000   0.2317
   4.000   0.4331   0.00612   0.00141   0.0058  0.1168  0.7500  -1.5667   0.0000   0.2319
   4.250   0.4608   0.00631   0.00153   0.0060  0.1020  0.7500  -1.6939   0.0000   0.2320
   4.500   0.4887   0.00647   0.00165   0.0062  0.0891  0.7500  -1.8261   0.0000   0.2322
   4.750   0.5164   0.00666   0.00177   0.0064  0.0763  0.7500  -1.9616   0.0000   0.2323
   5.000   0.5440   0.00687   0.00191   0.0067  0.0649  0.7500  -2.1108   0.0000   0.2323
   5.250   0.5718   0.00704   0.00204   0.0069  0.0568  0.7500  -2.2870   0.0000   0.2323
   5.500   0.5994   0.00724   0.00219   0.0072  0.0474  0.7500  -2.4666   0.0000   0.2322
   5.750   0.6274   0.00740   0.00232   0.0074  0.0439  0.7500  -2.6533   0.0000   0.2322
   6.000   0.6548   0.00762   0.00250   0.0077  0.0363  0.7500  -2.8412   0.0000   0.2320
   6.250   0.6829   0.00777   0.00265   0.0079  0.0343  0.7500  -3.0359   0.0000   0.2320
   6.500   0.7104   0.00797   0.00282   0.0082  0.0310  0.7500  -3.2343   0.0000   0.2318
   6.750   0.7375   0.00823   0.00305   0.0086  0.0251  0.7500  -3.4312   0.0000   0.2315
   7.000   0.7654   0.00838   0.00320   0.0089  0.0243  0.7500  -3.6432   0.0000   0.2314
   7.250   0.7933   0.00854   0.00335   0.0091  0.0235  0.7500  -3.8604   0.0000   0.2312
   7.500   0.8203   0.00879   0.00357   0.0095  0.0207  0.7500  -4.0753   0.0000   0.2309
   7.750   0.8467   0.00912   0.00390   0.0100  0.0168  0.7500  -4.2781   0.0000   0.2303
   8.250   0.9010   0.00958   0.00441   0.0108  0.0157  0.7500  -4.7315   0.0000   0.2296
   8.750   0.9564   0.00990   0.00472   0.0114  0.0153  0.7500  -5.2347   0.0000   0.2291
   9.000   0.9836   0.01010   0.00491   0.0118  0.0147  0.7500  -5.5293   0.0000   0.2288
   9.250   1.0091   0.01048   0.00524   0.0124  0.0119  0.7500  -5.8175   0.0000   0.2281
   9.500   1.0338   0.01097   0.00580   0.0133  0.0100  0.7500  -6.0836   0.0000   0.2272
   9.750   1.0588   0.01141   0.00631   0.0141  0.0097  0.7500  -6.3717   0.0000   0.2265
  10.000   1.0833   0.01188   0.00686   0.0150  0.0095  0.7500  -6.6634   0.0000   0.2256
  10.250   1.1069   0.01243   0.00750   0.0160  0.0093  0.7500  -6.9544   0.0000   0.2247
  10.500   1.1296   0.01305   0.00822   0.0171  0.0092  0.7500  -7.2469   0.0000   0.2237
  10.750   1.1502   0.01386   0.00915   0.0185  0.0090  0.7500  -7.5219   0.0000   0.2224
  11.000   1.1695   0.01474   0.01015   0.0200  0.0089  0.7500  -7.7944   0.0000   0.2210
  11.250   1.1945   0.01506   0.01049   0.0207  0.0088  0.7500  -8.1447   0.0000   0.2204
  11.500   1.2197   0.01535   0.01079   0.0214  0.0088  0.7500  -8.5064   0.0000   0.2198
  11.750   1.2450   0.01561   0.01105   0.0220  0.0088  0.7500  -8.8794   0.0000   0.2192
  12.000   1.2704   0.01585   0.01129   0.0227  0.0088  0.7500  -9.2637   0.0000   0.2187
  12.250   1.2959   0.01607   0.01151   0.0233  0.0087  0.7500  -9.6587   0.0000   0.2181
  12.500   1.3219   0.01625   0.01169   0.0239  0.0087  0.7500  -10.0678   0.0000   0.2176
  12.750   1.3474   0.01645   0.01188   0.0246  0.0086  0.7500  -10.4826   0.0000   0.2170
  13.000   1.3724   0.01668   0.01209   0.0253  0.0085  0.7500  -10.9017   0.0000   0.2164
  13.250   1.3970   0.01693   0.01234   0.0261  0.0084  0.7500  -11.3243   0.0000   0.2157
  13.500   1.4209   0.01722   0.01263   0.0270  0.0082  0.7500  -11.7481   0.0000   0.2149
  13.750   1.4439   0.01755   0.01296   0.0280  0.0079  0.7500  -12.1698   0.0000   0.2140
  14.000   1.4659   0.01793   0.01334   0.0292  0.0075  0.7500  -12.5859   0.0000   0.2131
  14.250   1.4858   0.01840   0.01380   0.0306  0.0068  0.7500  -12.9830   0.0000   0.2119
  14.500   1.4967   0.01920   0.01460   0.0333  0.0056  0.7500  -13.2604   0.0000   0.2098
  14.750   1.4950   0.02076   0.01634   0.0375  0.0048  0.7500  -13.3342   0.0000   0.2065
  15.000   1.4956   0.02219   0.01793   0.0408  0.0046  0.7500  -13.4925   0.0000   0.2038
  15.250   1.4946   0.02379   0.01967   0.0438  0.0046  0.7500  -13.6466   0.0000   0.2013
  15.500   1.4916   0.02562   0.02164   0.0464  0.0045  0.7500  -13.7860   0.0000   0.1990
  15.750   1.4868   0.02782   0.02397   0.0483  0.0045  0.7500  -13.9081   0.0000   0.1971
  16.000   1.4796   0.03041   0.02670   0.0496  0.0045  0.7500  -14.0032   0.0000   0.1955
  16.250   1.4705   0.03359   0.03001   0.0500  0.0045  0.7500  -14.0738   0.0000   0.1945
  16.500   1.4593   0.03742   0.03398   0.0493  0.0045  0.7500  -14.1122   0.0000   0.1940
  16.750   1.4448   0.04196   0.03865   0.0477  0.0045  0.7500  -14.1078   0.0000   0.1942
  17.000   1.4276   0.04737   0.04419   0.0451  0.0045  0.7500  -14.0601   0.0000   0.1950
  17.250   1.4073   0.05369   0.05063   0.0416  0.0045  0.7500  -13.9621   0.0000   0.1964
  17.500   1.3833   0.06085   0.05791   0.0373  0.0045  0.7500  -13.8074   0.0000   0.1983
  17.750   1.3551   0.06878   0.06596   0.0326  0.0045  0.7500  -13.5876   0.0000   0.2006
  18.000   1.3226   0.07751   0.07480   0.0275  0.0045  0.7500  -13.2996   0.0000   0.2033
  18.250   1.2876   0.08703   0.08442   0.0218  0.0045  0.7500  -12.9564   0.0000   0.2066
  18.500   1.2523   0.09677   0.09426   0.0161  0.0046  0.7500  -12.5867   0.0000   0.2102
  18.750   1.2127   0.10753   0.10511   0.0097  0.0046  0.7500  -12.1292   0.0000   0.2147
  19.000   1.1742   0.11795   0.11561   0.0034  0.0046  0.7500  -11.6617   0.0000   0.2194
  19.250   1.1370   0.12868   0.12641  -0.0030  0.0046  0.7500  -11.1722   0.0000   0.2246
  19.500   1.1014   0.13968   0.13750  -0.0098  0.0047  0.7500  -10.6603   0.0000   0.2306
  19.750   1.0669   0.15092   0.14881  -0.0167  0.0047  0.7500  -10.1163   0.0000   0.2372
  20.000   1.0331   0.16251   0.16048  -0.0239  0.0048  0.7500  -9.5239   0.0000   0.2446
