
    XFLR5_v4.17

 Calculated polar for: NACA 43013.5

 1 1 Reynolds number fixed          Mach number fixed         

 xtrf =   0.700 (top)        0.800 (bottom)
 Mach =   0.120     Re =     2.500 e 6     Ncrit =  11.000

  alpha     CL        CD       CDp       CM    Top Xtr Bot Xtr   Cpmin    Chinge    XCp    
 ------- -------- --------- --------- -------- ------- ------- -------- --------- ---------
 -20.000  -0.6196   0.22520   0.22291   0.0309  0.7000  0.0073  -2.3572   0.0000   0.2766
 -19.900  -0.6162   0.22422   0.22193   0.0302  0.7000  0.0073  -2.3233   0.0000   0.2761
 -19.800  -0.6127   0.22326   0.22097   0.0296  0.7000  0.0074  -2.2894   0.0000   0.2755
 -19.700  -0.6091   0.22233   0.22004   0.0290  0.7000  0.0075  -2.2540   0.0000   0.2750
 -19.600  -0.6055   0.22141   0.21911   0.0284  0.7000  0.0075  -2.2189   0.0000   0.2744
 -19.500  -0.6018   0.22049   0.21820   0.0278  0.7000  0.0076  -2.1841   0.0000   0.2739
 -19.400  -0.5982   0.21957   0.21728   0.0272  0.7000  0.0076  -2.1498   0.0000   0.2733
 -19.300  -0.5946   0.21866   0.21637   0.0266  0.7000  0.0077  -2.1158   0.0000   0.2727
 -19.200  -0.5909   0.21776   0.21547   0.0260  0.7000  0.0077  -2.0822   0.0000   0.2721
 -19.100  -0.5872   0.21686   0.21457   0.0254  0.7000  0.0078  -2.0490   0.0000   0.2715
 -19.000  -0.5836   0.21596   0.21367   0.0248  0.7000  0.0079  -2.0162   0.0000   0.2709
 -18.900  -0.5799   0.21507   0.21278   0.0241  0.7000  0.0080  -1.9837   0.0000   0.2702
 -18.800  -0.5762   0.21418   0.21189   0.0235  0.7000  0.0081  -1.9516   0.0000   0.2696
 -18.700  -0.5725   0.21329   0.21101   0.0229  0.7000  0.0082  -1.9198   0.0000   0.2689
 -18.600  -0.5688   0.21243   0.21013   0.0223  0.7000  0.0084  -1.8878   0.0000   0.2683
 -18.500  -0.5651   0.21155   0.20925   0.0217  0.7000  0.0086  -1.8573   0.0000   0.2676
 -18.400  -0.5614   0.21067   0.20837   0.0211  0.7000  0.0088  -1.8275   0.0000   0.2669
 -18.300  -0.5577   0.20978   0.20749   0.0204  0.7000  0.0091  -1.7984   0.0000   0.2662
 -18.200  -0.5540   0.20890   0.20661   0.0198  0.7000  0.0094  -1.7704   0.0000   0.2654
 -18.100  -0.5502   0.20802   0.20572   0.0192  0.7000  0.0099  -1.7437   0.0000   0.2647
 -18.000  -0.5463   0.20712   0.20483   0.0186  0.7000  0.0108  -1.7193   0.0000   0.2639
 -17.900  -0.5404   0.20641   0.20412   0.0179  0.7000  0.0121  -1.7071   0.0000   0.2631
 -17.800  -0.5365   0.20548   0.20319   0.0172  0.7000  0.0122  -1.7007   0.0000   0.2621
 -17.700  -0.5329   0.20448   0.20219   0.0165  0.7000  0.0123  -1.6929   0.0000   0.2612
 -17.600  -0.5294   0.20347   0.20118   0.0159  0.7000  0.0123  -1.6843   0.0000   0.2602
 -17.500  -0.5260   0.20245   0.20015   0.0152  0.7000  0.0124  -1.6753   0.0000   0.2592
 -17.400  -0.5226   0.20141   0.19912   0.0145  0.7000  0.0124  -1.6660   0.0000   0.2582
 -17.300  -0.5193   0.20035   0.19806   0.0138  0.7000  0.0124  -1.6566   0.0000   0.2572
 -17.200  -0.5160   0.19925   0.19696   0.0132  0.7000  0.0124  -1.6473   0.0000   0.2561
 -17.100  -0.5128   0.19808   0.19579   0.0125  0.7000  0.0124  -1.6381   0.0000   0.2551
 -17.000  -0.5097   0.19684   0.19455   0.0119  0.7000  0.0125  -1.6290   0.0000   0.2540
 -16.900  -0.5065   0.19558   0.19329   0.0112  0.7000  0.0125  -1.6200   0.0000   0.2529
 -16.800  -0.5034   0.19432   0.19203   0.0105  0.7000  0.0125  -1.6110   0.0000   0.2519
 -16.700  -0.5003   0.19305   0.19076   0.0099  0.7000  0.0125  -1.6021   0.0000   0.2508
 -16.600  -0.4972   0.19178   0.18949   0.0092  0.7000  0.0125  -1.5933   0.0000   0.2496
 -16.500  -0.4942   0.19050   0.18821   0.0086  0.7000  0.0125  -1.5846   0.0000   0.2485
 -16.400  -0.4911   0.18921   0.18692   0.0079  0.7000  0.0125  -1.5759   0.0000   0.2474
 -16.300  -0.4881   0.18792   0.18564   0.0073  0.7000  0.0125  -1.5668   0.0000   0.2462
 -16.200  -0.4850   0.18663   0.18435   0.0066  0.7000  0.0125  -1.5576   0.0000   0.2451
 -16.100  -0.4820   0.18533   0.18305   0.0060  0.7000  0.0125  -1.5485   0.0000   0.2439
 -16.000  -0.4790   0.18403   0.18175   0.0054  0.7000  0.0125  -1.5396   0.0000   0.2428
 -15.900  -0.4760   0.18272   0.18044   0.0047  0.7000  0.0126  -1.5308   0.0000   0.2416
 -15.800  -0.4731   0.18141   0.17913   0.0041  0.7000  0.0126  -1.5221   0.0000   0.2404
 -15.700  -0.4701   0.18009   0.17781   0.0035  0.7000  0.0126  -1.5196   0.0000   0.2392
 -15.600  -0.4672   0.17876   0.17648   0.0028  0.7000  0.0126  -1.5233   0.0000   0.2379
 -15.500  -0.4643   0.17743   0.17515   0.0022  0.7000  0.0126  -1.5272   0.0000   0.2367
 -15.400  -0.4614   0.17610   0.17382   0.0016  0.7000  0.0126  -1.5313   0.0000   0.2355
 -15.300  -0.4586   0.17475   0.17248   0.0010  0.7000  0.0126  -1.5356   0.0000   0.2342
 -15.200  -0.4557   0.17340   0.17113   0.0003  0.7000  0.0126  -1.5402   0.0000   0.2329
 -15.100  -0.4529   0.17205   0.16977  -0.0003  0.7000  0.0126  -1.5449   0.0000   0.2316
 -15.000  -0.4501   0.17069   0.16841  -0.0009  0.7000  0.0126  -1.5499   0.0000   0.2303
 -14.900  -0.4474   0.16932   0.16705  -0.0015  0.7000  0.0126  -1.5550   0.0000   0.2290
 -14.800  -0.4447   0.16795   0.16568  -0.0021  0.7000  0.0126  -1.5604   0.0000   0.2276
 -14.700  -0.4420   0.16657   0.16430  -0.0027  0.7000  0.0126  -1.5660   0.0000   0.2263
 -14.600  -0.4393   0.16519   0.16292  -0.0034  0.7000  0.0126  -1.5718   0.0000   0.2249
 -14.500  -0.4366   0.16380   0.16153  -0.0040  0.7000  0.0126  -1.5778   0.0000   0.2235
 -14.400  -0.4340   0.16241   0.16014  -0.0046  0.7000  0.0126  -1.5839   0.0000   0.2221
 -14.300  -0.4314   0.16101   0.15874  -0.0052  0.7000  0.0126  -1.5901   0.0000   0.2207
 -14.200  -0.4289   0.15961   0.15734  -0.0058  0.7000  0.0126  -1.5965   0.0000   0.2193
 -14.100  -0.4263   0.15821   0.15594  -0.0064  0.7000  0.0126  -1.6028   0.0000   0.2179
 -14.000  -0.4238   0.15681   0.15455  -0.0070  0.7000  0.0126  -1.6091   0.0000   0.2164
 -13.900  -0.4213   0.15541   0.15315  -0.0076  0.7000  0.0126  -1.6155   0.0000   0.2149
 -13.800  -0.4189   0.15400   0.15174  -0.0082  0.7000  0.0126  -1.6222   0.0000   0.2135
 -13.700  -0.4165   0.15259   0.15034  -0.0088  0.7000  0.0126  -1.6292   0.0000   0.2120
 -13.600  -0.4141   0.15118   0.14892  -0.0094  0.7000  0.0126  -1.6366   0.0000   0.2105
 -13.500  -0.4118   0.14975   0.14750  -0.0100  0.7000  0.0126  -1.6445   0.0000   0.2090
 -13.400  -0.4096   0.14832   0.14607  -0.0106  0.7000  0.0127  -1.6529   0.0000   0.2075
 -13.300  -0.4074   0.14689   0.14464  -0.0112  0.7000  0.0127  -1.6617   0.0000   0.2060
 -13.200  -0.4053   0.14546   0.14320  -0.0118  0.7000  0.0127  -1.6708   0.0000   0.2044
 -13.100  -0.4033   0.14403   0.14178  -0.0124  0.7000  0.0127  -1.6801   0.0000   0.2029
 -13.000  -0.4013   0.14260   0.14035  -0.0129  0.7000  0.0127  -1.6898   0.0000   0.2014
 -12.900  -0.3994   0.14118   0.13892  -0.0135  0.7000  0.0127  -1.6998   0.0000   0.1998
 -12.800  -0.3976   0.13975   0.13750  -0.0141  0.7000  0.0127  -1.7102   0.0000   0.1983
 -12.700  -0.3957   0.13830   0.13606  -0.0147  0.7000  0.0127  -1.7208   0.0000   0.1968
 -12.600  -0.3938   0.13682   0.13458  -0.0153  0.7000  0.0127  -1.7317   0.0000   0.1951
 -12.500  -0.3918   0.13532   0.13307  -0.0159  0.7000  0.0127  -1.7428   0.0000   0.1934
 -12.400  -0.3899   0.13380   0.13156  -0.0165  0.7000  0.0127  -1.7542   0.0000   0.1917
 -12.300  -0.3880   0.13228   0.13004  -0.0171  0.7000  0.0127  -1.7661   0.0000   0.1900
 -12.200  -0.3861   0.13075   0.12851  -0.0177  0.7000  0.0127  -1.7784   0.0000   0.1882
 -12.100  -0.3844   0.12920   0.12697  -0.0184  0.7000  0.0127  -1.7911   0.0000   0.1864
 -12.000  -0.3826   0.12765   0.12542  -0.0190  0.7000  0.0127  -1.8044   0.0000   0.1847
 -11.900  -0.3810   0.12608   0.12385  -0.0196  0.7000  0.0127  -1.8184   0.0000   0.1829
 -11.800  -0.3794   0.12450   0.12228  -0.0203  0.7000  0.0127  -1.8329   0.0000   0.1810
 -11.700  -0.3779   0.12291   0.12069  -0.0209  0.7000  0.0127  -1.8482   0.0000   0.1792
 -11.600  -0.3765   0.12130   0.11908  -0.0216  0.7000  0.0127  -1.8642   0.0000   0.1773
 -11.500  -0.3752   0.11968   0.11747  -0.0222  0.7000  0.0127  -1.8812   0.0000   0.1755
 -11.400  -0.3740   0.11804   0.11583  -0.0229  0.7000  0.0127  -1.8993   0.0000   0.1736
 -11.300  -0.3729   0.11638   0.11417  -0.0236  0.7000  0.0127  -1.9187   0.0000   0.1717
 -11.200  -0.3720   0.11470   0.11249  -0.0243  0.7000  0.0127  -1.9398   0.0000   0.1698
 -11.100  -0.3713   0.11298   0.11078  -0.0249  0.7000  0.0127  -1.9633   0.0000   0.1679
 -11.000  -0.3709   0.11121   0.10901  -0.0257  0.7000  0.0127  -1.9925   0.0000   0.1660
 -10.900  -0.3712   0.10933   0.10713  -0.0264  0.7000  0.0126  -2.0307   0.0000   0.1642
 -10.500  -0.4790   0.07824   0.07611  -0.0433  0.7000  0.0136  -3.9685   0.0000   0.1461
 -10.400  -0.4819   0.07567   0.07355  -0.0456  0.7000  0.0137  -4.0058   0.0000   0.1421
 -10.300  -0.5054   0.06813   0.06600  -0.0541  0.7000  0.0138  -4.2962   0.0000   0.1304
 -10.200  -0.5192   0.06502   0.06287  -0.0568  0.7000  0.0138  -4.4046   0.0000   0.1285
 -10.100  -0.5296   0.06287   0.06068  -0.0581  0.7000  0.0139  -4.4666   0.0000   0.1284
 -10.000  -0.5374   0.06126   0.05905  -0.0586  0.7000  0.0139  -4.4989   0.0000   0.1294
  -9.900  -0.5432   0.05995   0.05773  -0.0587  0.7000  0.0140  -4.5117   0.0000   0.1307
  -9.800  -0.5483   0.05883   0.05659  -0.0584  0.7000  0.0140  -4.5143   0.0000   0.1325
  -9.700  -0.5523   0.05787   0.05561  -0.0578  0.7000  0.0141  -4.5069   0.0000   0.1345
  -9.600  -0.5552   0.05703   0.05475  -0.0571  0.7000  0.0141  -4.4902   0.0000   0.1366
  -9.500  -0.5572   0.05629   0.05400  -0.0563  0.7000  0.0142  -4.4674   0.0000   0.1386
  -9.400  -0.5562   0.05554   0.05323  -0.0559  0.7000  0.0143  -4.4285   0.0000   0.1393
  -9.300  -0.5541   0.05481   0.05248  -0.0556  0.7000  0.0143  -4.3834   0.0000   0.1396
  -9.200  -0.5515   0.05412   0.05177  -0.0553  0.7000  0.0144  -4.3346   0.0000   0.1399
  -9.100  -0.5483   0.05345   0.05108  -0.0550  0.7000  0.0145  -4.2828   0.0000   0.1399
  -9.000  -0.5445   0.05283   0.05045  -0.0547  0.7000  0.0146  -4.2260   0.0000   0.1399
  -8.900  -0.5402   0.05226   0.04987  -0.0544  0.7000  0.0147  -4.1647   0.0000   0.1398
  -8.800  -0.5357   0.05171   0.04930  -0.0541  0.7000  0.0148  -4.1023   0.0000   0.1395
  -8.700  -0.5308   0.05116   0.04874  -0.0538  0.7000  0.0149  -4.0389   0.0000   0.1392
  -8.600  -0.5258   0.05063   0.04819  -0.0536  0.7000  0.0150  -3.9747   0.0000   0.1389
  -8.500  -0.5205   0.05011   0.04766  -0.0533  0.7000  0.0152  -3.9089   0.0000   0.1384
  -8.400  -0.5148   0.04963   0.04716  -0.0530  0.7000  0.0153  -3.8405   0.0000   0.1379
  -8.300  -0.5085   0.04922   0.04672  -0.0528  0.7000  0.0155  -3.7673   0.0000   0.1371
  -8.200  -0.5028   0.04869   0.04618  -0.0526  0.7000  0.0158  -3.7030   0.0000   0.1366
  -8.100  -0.4969   0.04816   0.04563  -0.0523  0.7000  0.0160  -3.6390   0.0000   0.1359
  -8.000  -0.4908   0.04763   0.04509  -0.0521  0.7000  0.0163  -3.5755   0.0000   0.1352
  -6.900  -0.5205   0.01428   0.00961  -0.0350  0.7000  0.0166  -5.0167   0.0000   0.1733
  -6.800  -0.5131   0.01314   0.00834  -0.0344  0.7000  0.0165  -5.0407   0.0000   0.1736
  -6.700  -0.5044   0.01247   0.00760  -0.0339  0.7000  0.0165  -5.0185   0.0000   0.1734
  -6.600  -0.4948   0.01208   0.00716  -0.0335  0.7000  0.0165  -4.9681   0.0000   0.1728
  -6.500  -0.4845   0.01186   0.00693  -0.0333  0.7000  0.0166  -4.8973   0.0000   0.1719
  -6.400  -0.4740   0.01168   0.00674  -0.0331  0.7000  0.0167  -4.8220   0.0000   0.1709
  -6.300  -0.4636   0.01151   0.00655  -0.0329  0.7000  0.0168  -4.7472   0.0000   0.1698
  -6.200  -0.4532   0.01131   0.00634  -0.0326  0.7000  0.0169  -4.6766   0.0000   0.1687
  -6.100  -0.4433   0.01105   0.00605  -0.0323  0.7000  0.0170  -4.6163   0.0000   0.1679
  -6.000  -0.4339   0.01070   0.00566  -0.0319  0.7000  0.0170  -4.5699   0.0000   0.1673
  -5.900  -0.4245   0.01040   0.00533  -0.0315  0.7000  0.0171  -4.5196   0.0000   0.1667
  -5.800  -0.4149   0.01014   0.00504  -0.0311  0.7000  0.0172  -4.4654   0.0000   0.1659
  -5.700  -0.4051   0.00991   0.00479  -0.0307  0.7000  0.0173  -4.4085   0.0000   0.1651
  -5.600  -0.3952   0.00971   0.00456  -0.0303  0.7000  0.0174  -4.3493   0.0000   0.1641
  -5.500  -0.3852   0.00953   0.00437  -0.0300  0.7000  0.0176  -4.2882   0.0000   0.1629
  -5.400  -0.3750   0.00937   0.00420  -0.0297  0.7000  0.0178  -4.2252   0.0000   0.1616
  -5.300  -0.3646   0.00924   0.00405  -0.0295  0.7000  0.0180  -4.1600   0.0000   0.1600
  -5.200  -0.3539   0.00913   0.00394  -0.0292  0.7000  0.0184  -4.0920   0.0000   0.1582
  -5.100  -0.3430   0.00905   0.00387  -0.0291  0.7000  0.0187  -4.0198   0.0000   0.1560
  -5.000  -0.3318   0.00900   0.00383  -0.0290  0.7000  0.0191  -3.9427   0.0000   0.1534
  -4.900  -0.3203   0.00898   0.00382  -0.0289  0.7000  0.0193  -3.8616   0.0000   0.1503
  -4.800  -0.3086   0.00898   0.00383  -0.0289  0.7000  0.0196  -3.7777   0.0000   0.1469
  -4.700  -0.2968   0.00899   0.00386  -0.0290  0.7000  0.0198  -3.6923   0.0000   0.1431
  -4.600  -0.2849   0.00901   0.00390  -0.0290  0.7000  0.0199  -3.6062   0.0000   0.1388
  -4.500  -0.2729   0.00904   0.00395  -0.0290  0.7000  0.0200  -3.5199   0.0000   0.1341
  -4.400  -0.2619   0.00912   0.00400  -0.0289  0.6895  0.0201  -3.4373   0.0000   0.1302
  -4.300  -0.2503   0.00921   0.00407  -0.0289  0.6802  0.0202  -3.3529   0.0000   0.1251
  -4.200  -0.2392   0.00929   0.00414  -0.0287  0.6684  0.0202  -3.2705   0.0000   0.1201
  -4.100  -0.2282   0.00939   0.00420  -0.0286  0.6553  0.0203  -3.1891   0.0000   0.1149
  -4.000  -0.2234   0.00873   0.00343  -0.0273  0.6478  0.0221  -3.1860   0.0000   0.1179
  -3.900  -0.2139   0.00865   0.00330  -0.0269  0.6357  0.0227  -3.1241   0.0000   0.1144
  -3.800  -0.2038   0.00861   0.00323  -0.0266  0.6247  0.0231  -3.0569   0.0000   0.1096
  -3.700  -0.1932   0.00857   0.00317  -0.0264  0.6170  0.0234  -2.9872   0.0000   0.1034
  -3.600  -0.1829   0.00856   0.00312  -0.0261  0.6066  0.0237  -2.9181   0.0000   0.0970
  -3.500  -0.1725   0.00855   0.00308  -0.0258  0.5955  0.0239  -2.8492   0.0000   0.0897
  -3.400  -0.1618   0.00852   0.00304  -0.0257  0.5887  0.0242  -2.7796   0.0000   0.0807
  -3.300  -0.1513   0.00851   0.00299  -0.0254  0.5790  0.0244  -2.7119   0.0000   0.0711
  -3.200  -0.1411   0.00850   0.00295  -0.0251  0.5666  0.0246  -2.6458   0.0000   0.0607
  -3.100  -0.1304   0.00846   0.00289  -0.0249  0.5603  0.0248  -2.5791   0.0000   0.0472
  -3.000  -0.1200   0.00844   0.00283  -0.0247  0.5515  0.0250  -2.5141   0.0000   0.0321
  -2.900  -0.1099   0.00843   0.00278  -0.0244  0.5399  0.0251  -2.4510   0.0000   0.0155
  -2.800  -0.0994   0.00839   0.00271  -0.0242  0.5315  0.0253  -2.3876   0.0000  -0.0062
  -2.700  -0.0889   0.00835   0.00265  -0.0239  0.5240  0.0255  -2.3250   0.0000  -0.0331
  -2.600  -0.0787   0.00833   0.00259  -0.0236  0.5136  0.0257  -2.2642   0.0000  -0.0649
  -2.500  -0.0685   0.00831   0.00252  -0.0234  0.5024  0.0258  -2.2039   0.0000  -0.1069
  -2.400  -0.0579   0.00826   0.00245  -0.0231  0.4963  0.0260  -2.1433   0.0000  -0.1670
  -2.300  -0.0476   0.00823   0.00239  -0.0229  0.4871  0.0262  -2.0841   0.0000  -0.2499
  -2.200  -0.0376   0.00822   0.00233  -0.0226  0.4748  0.0263  -2.0261   0.0000  -0.3737
  -2.100  -0.0270   0.00818   0.00226  -0.0223  0.4681  0.0265  -1.9673   0.0000  -0.6078
  -2.000  -0.0165   0.00815   0.00220  -0.0221  0.4603  0.0267  -1.9093   0.0000  -1.1329
  -1.900  -0.0064   0.00814   0.00215  -0.0218  0.4496  0.0269  -1.8528   0.0000  -3.2733
  -1.800   0.0040   0.00812   0.00209  -0.0216  0.4394  0.0271  -1.7959   0.0000   5.7417
  -1.700   0.0146   0.00808   0.00201  -0.0213  0.4333  0.0272  -1.7381   0.0000   1.7470
  -1.600   0.0250   0.00808   0.00197  -0.0211  0.4239  0.0275  -1.6823   0.0000   1.1121
  -1.500   0.0353   0.00810   0.00194  -0.0208  0.4114  0.0278  -1.6271   0.0000   0.8516
  -1.400   0.0461   0.00808   0.00190  -0.0207  0.4056  0.0281  -1.5706   0.0000   0.7051
  -1.300   0.0568   0.00809   0.00188  -0.0205  0.3971  0.0284  -1.5146   0.0000   0.6152
  -1.200   0.0671   0.00813   0.00188  -0.0202  0.3844  0.0287  -1.4596   0.0000   0.5544
  -1.100   0.0780   0.00815   0.00187  -0.0201  0.3759  0.0289  -1.4030   0.0000   0.5092
  -1.000   0.0888   0.00818   0.00188  -0.0200  0.3671  0.0291  -1.3468   0.0000   0.4752
  -0.900   0.0992   0.00825   0.00190  -0.0198  0.3538  0.0292  -1.2920   0.0000   0.4487
  -0.800   0.1088   0.00812   0.00172  -0.0193  0.3463  0.0333  -1.2746   0.0000   0.4266
  -0.700   0.1195   0.00814   0.00172  -0.0191  0.3387  0.0343  -1.2327   0.0000   0.4087
  -0.600   0.1299   0.00818   0.00172  -0.0189  0.3285  0.0350  -1.1908   0.0000   0.3938
  -0.500   0.1406   0.00820   0.00172  -0.0188  0.3190  0.0356  -1.1484   0.0000   0.3811
  -0.400   0.1516   0.00821   0.00172  -0.0186  0.3144  0.0363  -1.1054   0.0000   0.3704
  -0.300   0.1623   0.00823   0.00172  -0.0185  0.3075  0.0369  -1.0631   0.0000   0.3610
  -0.200   0.1728   0.00828   0.00173  -0.0183  0.2986  0.0374  -1.0217   0.0000   0.3527
  -0.100   0.1836   0.00830   0.00173  -0.0181  0.2903  0.0379  -0.9802   0.0000   0.3455
   0.000   0.1946   0.00831   0.00173  -0.0180  0.2868  0.0383  -0.9391   0.0000   0.3391
   0.100   0.2055   0.00832   0.00173  -0.0179  0.2818  0.0386  -0.9291   0.0000   0.3333
   0.200   0.2161   0.00835   0.00173  -0.0177  0.2757  0.0388  -0.9449   0.0000   0.3281
   0.300   0.2267   0.00839   0.00173  -0.0175  0.2679  0.0390  -0.9606   0.0000   0.3233
   0.400   0.2377   0.00840   0.00173  -0.0174  0.2625  0.0392  -0.9768   0.0000   0.3191
   0.500   0.2488   0.00841   0.00173  -0.0173  0.2603  0.0393  -0.9931   0.0000   0.3153
   0.600   0.2592   0.00835   0.00164  -0.0171  0.2575  0.0426  -1.0087   0.0000   0.3114
   0.700   0.2699   0.00835   0.00163  -0.0169  0.2541  0.0455  -1.0248   0.0000   0.3080
   0.800   0.2806   0.00837   0.00163  -0.0167  0.2503  0.0470  -1.0409   0.0000   0.3049
   0.900   0.2914   0.00839   0.00164  -0.0166  0.2456  0.0483  -1.0571   0.0000   0.3021
   1.000   0.3022   0.00842   0.00165  -0.0165  0.2400  0.0492  -1.0734   0.0000   0.2995
   1.100   0.3132   0.00844   0.00166  -0.0163  0.2360  0.0499  -1.0899   0.0000   0.2972
   1.200   0.3244   0.00844   0.00166  -0.0163  0.2353  0.0503  -1.1067   0.0000   0.2951
   1.300   0.3356   0.00844   0.00167  -0.0162  0.2345  0.0506  -1.1237   0.0000   0.2931
   1.400   0.3465   0.00842   0.00164  -0.0161  0.2333  0.0544  -1.1402   0.0000   0.2911
   1.500   0.3575   0.00842   0.00165  -0.0159  0.2319  0.0579  -1.1570   0.0000   0.2892
   1.600   0.3685   0.00842   0.00166  -0.0158  0.2303  0.0603  -1.1738   0.0000   0.2875
   1.700   0.3794   0.00844   0.00167  -0.0157  0.2286  0.0619  -1.1907   0.0000   0.2859
   1.800   0.3904   0.00846   0.00168  -0.0156  0.2266  0.0628  -1.2076   0.0000   0.2844
   1.900   0.4011   0.00847   0.00168  -0.0155  0.2244  0.0697  -1.2243   0.0000   0.2828
   2.000   0.4118   0.00848   0.00170  -0.0153  0.2216  0.0743  -1.2410   0.0000   0.2814
   2.100   0.4225   0.00850   0.00171  -0.0152  0.2181  0.0822  -1.2576   0.0000   0.2800
   2.200   0.4330   0.00850   0.00174  -0.0150  0.2145  0.0974  -1.2740   0.0000   0.2786
   2.300   0.4351   0.00779   0.00168  -0.0134  0.2123  0.3699  -1.2826   0.0000   0.2746
   2.400   0.4412   0.00746   0.00168  -0.0124  0.2101  0.4817  -1.2951   0.0000   0.2719
   2.500   0.4486   0.00722   0.00168  -0.0117  0.2100  0.5629  -1.3093   0.0000   0.2696
   2.600   0.4566   0.00704   0.00168  -0.0110  0.2098  0.6266  -1.3241   0.0000   0.2676
   2.700   0.4646   0.00688   0.00169  -0.0103  0.2095  0.6813  -1.3390   0.0000   0.2656
   2.800   0.4727   0.00676   0.00171  -0.0096  0.2093  0.7272  -1.3539   0.0000   0.2636
   2.900   0.4815   0.00667   0.00173  -0.0090  0.2090  0.7620  -1.3696   0.0000   0.2619
   3.000   0.4906   0.00661   0.00175  -0.0084  0.2086  0.7900  -1.3854   0.0000   0.2604
   3.100   0.5011   0.00661   0.00177  -0.0082  0.2081  0.8000  -1.4026   0.0000   0.2595
   3.200   0.5125   0.00663   0.00179  -0.0082  0.2076  0.8000  -1.4224   0.0000   0.2590
   3.300   0.5240   0.00666   0.00181  -0.0082  0.2069  0.8000  -1.4428   0.0000   0.2586
   3.400   0.5354   0.00669   0.00183  -0.0082  0.2062  0.8000  -1.4633   0.0000   0.2582
   3.500   0.5468   0.00673   0.00186  -0.0082  0.2053  0.8000  -1.4838   0.0000   0.2577
   3.600   0.5581   0.00676   0.00188  -0.0081  0.2044  0.8000  -1.5044   0.0000   0.2573
   3.700   0.5694   0.00680   0.00191  -0.0081  0.2033  0.8000  -1.5250   0.0000   0.2569
   3.800   0.5807   0.00684   0.00193  -0.0081  0.2022  0.8000  -1.5456   0.0000   0.2565
   3.900   0.5919   0.00688   0.00196  -0.0081  0.2011  0.8000  -1.5662   0.0000   0.2561
   4.000   0.6031   0.00693   0.00199  -0.0080  0.1997  0.8000  -1.5869   0.0000   0.2557
   4.100   0.6143   0.00698   0.00202  -0.0080  0.1983  0.8000  -1.6075   0.0000   0.2553
   4.200   0.6254   0.00703   0.00205  -0.0079  0.1966  0.8000  -1.6282   0.0000   0.2549
   4.300   0.6365   0.00708   0.00208  -0.0079  0.1946  0.8000  -1.6488   0.0000   0.2545
   4.400   0.6476   0.00714   0.00212  -0.0078  0.1925  0.8000  -1.6695   0.0000   0.2541
   4.500   0.6587   0.00719   0.00216  -0.0077  0.1904  0.8000  -1.6900   0.0000   0.2537
   4.600   0.6697   0.00725   0.00221  -0.0077  0.1884  0.8000  -1.7106   0.0000   0.2533
   4.700   0.6806   0.00731   0.00227  -0.0076  0.1863  0.8000  -1.7310   0.0000   0.2529
   4.800   0.6916   0.00737   0.00232  -0.0075  0.1848  0.8000  -1.7517   0.0000   0.2525
   4.900   0.7030   0.00740   0.00235  -0.0075  0.1847  0.8000  -1.7733   0.0000   0.2522
   5.000   0.7144   0.00743   0.00237  -0.0075  0.1846  0.8000  -1.7950   0.0000   0.2520
   5.100   0.7258   0.00746   0.00240  -0.0075  0.1845  0.8000  -1.8167   0.0000   0.2517
   5.200   0.7372   0.00748   0.00242  -0.0075  0.1844  0.8000  -1.8385   0.0000   0.2515
   5.300   0.7485   0.00751   0.00245  -0.0075  0.1842  0.8000  -1.8604   0.0000   0.2512
   5.400   0.7599   0.00754   0.00247  -0.0075  0.1840  0.8000  -1.8824   0.0000   0.2509
   5.500   0.7713   0.00757   0.00251  -0.0075  0.1837  0.8000  -1.9044   0.0000   0.2507
   5.600   0.7826   0.00760   0.00254  -0.0075  0.1833  0.8000  -1.9265   0.0000   0.2504
   5.700   0.7939   0.00763   0.00257  -0.0075  0.1829  0.8000  -1.9486   0.0000   0.2502
   5.800   0.8052   0.00766   0.00260  -0.0074  0.1824  0.8000  -1.9707   0.0000   0.2499
   5.900   0.8164   0.00770   0.00263  -0.0074  0.1818  0.8000  -1.9928   0.0000   0.2497
   6.000   0.8277   0.00773   0.00266  -0.0074  0.1813  0.8000  -2.0149   0.0000   0.2494
   6.100   0.8388   0.00777   0.00270  -0.0074  0.1806  0.8000  -2.0370   0.0000   0.2492
   6.200   0.8500   0.00781   0.00274  -0.0073  0.1799  0.8000  -2.0592   0.0000   0.2489
   6.300   0.8611   0.00786   0.00278  -0.0073  0.1791  0.8000  -2.0816   0.0000   0.2486
   6.400   0.8721   0.00791   0.00282  -0.0072  0.1782  0.8000  -2.1067   0.0000   0.2484
   6.500   0.8832   0.00796   0.00286  -0.0072  0.1773  0.8000  -2.1318   0.0000   0.2481
   6.600   0.8941   0.00801   0.00290  -0.0071  0.1763  0.8000  -2.1569   0.0000   0.2478
   6.700   0.9051   0.00806   0.00295  -0.0071  0.1753  0.8000  -2.1820   0.0000   0.2475
   6.800   0.9159   0.00812   0.00299  -0.0070  0.1741  0.8000  -2.2072   0.0000   0.2472
   6.900   0.9268   0.00818   0.00304  -0.0069  0.1729  0.8000  -2.2323   0.0000   0.2469
   7.000   0.9376   0.00825   0.00309  -0.0068  0.1714  0.8000  -2.2575   0.0000   0.2466
   7.100   0.9483   0.00831   0.00315  -0.0067  0.1699  0.8000  -2.2826   0.0000   0.2464
   7.200   0.9591   0.00838   0.00320  -0.0066  0.1682  0.8000  -2.3077   0.0000   0.2461
   7.300   0.9697   0.00845   0.00327  -0.0065  0.1665  0.8000  -2.3327   0.0000   0.2457
   7.400   0.9803   0.00853   0.00334  -0.0064  0.1647  0.8000  -2.3577   0.0000   0.2454
   7.500   0.9909   0.00861   0.00342  -0.0063  0.1631  0.8000  -2.3826   0.0000   0.2451
   7.600   1.0013   0.00869   0.00352  -0.0061  0.1614  0.8000  -2.4074   0.0000   0.2448
   7.700   1.0117   0.00879   0.00362  -0.0059  0.1597  0.8000  -2.4319   0.0000   0.2444
   7.800   1.0227   0.00882   0.00366  -0.0059  0.1597  0.8000  -2.4583   0.0000   0.2442
   7.900   1.0338   0.00886   0.00370  -0.0059  0.1596  0.8000  -2.4848   0.0000   0.2440
   8.000   1.0449   0.00889   0.00373  -0.0058  0.1595  0.8000  -2.5114   0.0000   0.2438
   8.100   1.0560   0.00893   0.00377  -0.0058  0.1594  0.8000  -2.5381   0.0000   0.2435
   8.200   1.0670   0.00897   0.00381  -0.0058  0.1593  0.8000  -2.5649   0.0000   0.2433
   8.300   1.0781   0.00900   0.00385  -0.0057  0.1591  0.8000  -2.5918   0.0000   0.2431
   8.400   1.0892   0.00904   0.00388  -0.0057  0.1589  0.8000  -2.6187   0.0000   0.2429
   8.500   1.1002   0.00907   0.00392  -0.0057  0.1586  0.8000  -2.6457   0.0000   0.2427
   8.600   1.1111   0.00911   0.00397  -0.0056  0.1583  0.8000  -2.6727   0.0000   0.2424
   8.700   1.1221   0.00916   0.00401  -0.0056  0.1579  0.8000  -2.6996   0.0000   0.2422
   8.800   1.1329   0.00920   0.00406  -0.0055  0.1575  0.8000  -2.7264   0.0000   0.2420
   8.900   1.1437   0.00925   0.00412  -0.0054  0.1570  0.8000  -2.7533   0.0000   0.2417
   9.000   1.1545   0.00930   0.00417  -0.0054  0.1565  0.8000  -2.7802   0.0000   0.2415
   9.100   1.1652   0.00935   0.00423  -0.0053  0.1559  0.8000  -2.8106   0.0000   0.2412
   9.200   1.1759   0.00941   0.00428  -0.0052  0.1552  0.8000  -2.8411   0.0000   0.2409
   9.300   1.1865   0.00947   0.00434  -0.0051  0.1544  0.8000  -2.8716   0.0000   0.2407
   9.400   1.1971   0.00953   0.00440  -0.0050  0.1536  0.8000  -2.9021   0.0000   0.2404
   9.500   1.2075   0.00960   0.00447  -0.0048  0.1527  0.8000  -2.9325   0.0000   0.2401
   9.600   1.2179   0.00967   0.00455  -0.0047  0.1518  0.8000  -2.9630   0.0000   0.2398
   9.700   1.2283   0.00975   0.00462  -0.0046  0.1508  0.8000  -2.9934   0.0000   0.2395
   9.800   1.2385   0.00983   0.00469  -0.0044  0.1497  0.8000  -3.0237   0.0000   0.2392
   9.900   1.2487   0.00991   0.00477  -0.0043  0.1485  0.8000  -3.0540   0.0000   0.2389
  10.000   1.2588   0.01000   0.00484  -0.0041  0.1472  0.8000  -3.0842   0.0000   0.2386
  10.100   1.2688   0.01009   0.00493  -0.0039  0.1457  0.8000  -3.1144   0.0000   0.2383
  10.200   1.2788   0.01019   0.00501  -0.0037  0.1440  0.8000  -3.1445   0.0000   0.2379
  10.300   1.2886   0.01029   0.00511  -0.0035  0.1422  0.8000  -3.1744   0.0000   0.2376
  10.400   1.2984   0.01039   0.00521  -0.0032  0.1404  0.8000  -3.2041   0.0000   0.2372
  10.500   1.3080   0.01050   0.00533  -0.0030  0.1385  0.8000  -3.2336   0.0000   0.2369
  10.600   1.3174   0.01062   0.00545  -0.0027  0.1368  0.8000  -3.2629   0.0000   0.2365
  10.700   1.3268   0.01074   0.00558  -0.0024  0.1353  0.8000  -3.2921   0.0000   0.2361
  10.800   1.3374   0.01079   0.00563  -0.0023  0.1352  0.8000  -3.3242   0.0000   0.2358
  10.900   1.3478   0.01084   0.00569  -0.0022  0.1351  0.8000  -3.3562   0.0000   0.2356
  11.000   1.3583   0.01089   0.00576  -0.0021  0.1351  0.8000  -3.3882   0.0000   0.2353
  11.100   1.3686   0.01095   0.00582  -0.0020  0.1350  0.8000  -3.4241   0.0000   0.2351
  11.200   1.3790   0.01100   0.00588  -0.0018  0.1348  0.8000  -3.4606   0.0000   0.2348
  11.300   1.3893   0.01106   0.00594  -0.0017  0.1347  0.8000  -3.4971   0.0000   0.2345
  11.400   1.3996   0.01111   0.00602  -0.0016  0.1345  0.8000  -3.5338   0.0000   0.2342
  11.500   1.4099   0.01117   0.00609  -0.0014  0.1343  0.8000  -3.5704   0.0000   0.2340
  11.600   1.4201   0.01123   0.00616  -0.0013  0.1340  0.8000  -3.6071   0.0000   0.2337
  11.700   1.4302   0.01129   0.00623  -0.0011  0.1337  0.8000  -3.6438   0.0000   0.2334
  11.800   1.4403   0.01135   0.00630  -0.0009  0.1333  0.8000  -3.6807   0.0000   0.2331
  11.900   1.4504   0.01142   0.00637  -0.0008  0.1327  0.8000  -3.7175   0.0000   0.2328
  12.000   1.4603   0.01149   0.00645  -0.0006  0.1320  0.8000  -3.7541   0.0000   0.2325
  12.100   1.4700   0.01157   0.00653  -0.0004  0.1312  0.8000  -3.7906   0.0000   0.2322
  12.200   1.4796   0.01165   0.00662  -0.0001  0.1303  0.8000  -3.8272   0.0000   0.2318
  12.300   1.4890   0.01174   0.00672   0.0001  0.1294  0.8000  -3.8685   0.0000   0.2315
  12.400   1.4983   0.01184   0.00681   0.0004  0.1283  0.8000  -3.9094   0.0000   0.2311
  12.500   1.5073   0.01196   0.00692   0.0008  0.1271  0.8000  -3.9500   0.0000   0.2307
  12.600   1.5160   0.01208   0.00703   0.0011  0.1256  0.8000  -3.9902   0.0000   0.2303
  12.700   1.5245   0.01222   0.00715   0.0015  0.1238  0.8000  -4.0316   0.0000   0.2299
  12.800   1.5326   0.01237   0.00728   0.0020  0.1217  0.8000  -4.0767   0.0000   0.2294
  12.900   1.5403   0.01251   0.00741   0.0025  0.1192  0.8000  -4.1258   0.0000   0.2288
  13.000   1.5476   0.01265   0.00754   0.0032  0.1169  0.8000  -4.1767   0.0000   0.2283
  13.100   1.5549   0.01279   0.00769   0.0038  0.1148  0.8000  -4.2276   0.0000   0.2277
  13.200   1.5621   0.01294   0.00785   0.0044  0.1130  0.8000  -4.2785   0.0000   0.2271
  13.300   1.5700   0.01307   0.00799   0.0050  0.1118  0.8000  -4.3333   0.0000   0.2266
  13.400   1.5792   0.01313   0.00807   0.0053  0.1117  0.8000  -4.4011   0.0000   0.2263
  13.500   1.5883   0.01320   0.00815   0.0056  0.1115  0.8000  -4.4689   0.0000   0.2259
  13.600   1.5972   0.01328   0.00825   0.0059  0.1113  0.8000  -4.5365   0.0000   0.2255
  13.700   1.6058   0.01337   0.00835   0.0063  0.1111  0.8000  -4.6039   0.0000   0.2251
  13.800   1.6144   0.01346   0.00846   0.0067  0.1109  0.8000  -4.6711   0.0000   0.2247
  13.900   1.6228   0.01356   0.00857   0.0071  0.1106  0.8000  -4.7385   0.0000   0.2242
  14.000   1.6312   0.01366   0.00869   0.0075  0.1102  0.8000  -4.8059   0.0000   0.2238
  14.100   1.6394   0.01377   0.00881   0.0079  0.1097  0.8000  -4.8730   0.0000   0.2234
  14.200   1.6474   0.01389   0.00894   0.0084  0.1091  0.8000  -4.9399   0.0000   0.2229
  14.300   1.6552   0.01402   0.00907   0.0089  0.1083  0.8000  -5.0065   0.0000   0.2225
  14.400   1.6627   0.01416   0.00922   0.0094  0.1073  0.8000  -5.0725   0.0000   0.2220
  14.500   1.6699   0.01432   0.00938   0.0099  0.1062  0.8000  -5.1374   0.0000   0.2215
  14.600   1.6766   0.01450   0.00955   0.0105  0.1048  0.8000  -5.2011   0.0000   0.2210
  14.700   1.6829   0.01470   0.00974   0.0112  0.1033  0.8000  -5.2635   0.0000   0.2204
  14.800   1.6888   0.01491   0.00995   0.0119  0.1017  0.8000  -5.3247   0.0000   0.2198
  14.900   1.6945   0.01515   0.01017   0.0126  0.0999  0.8000  -5.3851   0.0000   0.2192
  15.000   1.7001   0.01538   0.01039   0.0133  0.0978  0.8000  -5.4457   0.0000   0.2186
  15.100   1.7052   0.01565   0.01065   0.0141  0.0944  0.8000  -5.5056   0.0000   0.2180
  15.200   1.7105   0.01590   0.01090   0.0148  0.0916  0.8000  -5.5656   0.0000   0.2174
  15.300   1.7165   0.01611   0.01113   0.0155  0.0899  0.8000  -5.6398   0.0000   0.2168
  15.400   1.7239   0.01626   0.01130   0.0159  0.0897  0.8000  -5.7208   0.0000   0.2164
  15.500   1.7309   0.01642   0.01148   0.0164  0.0894  0.8000  -5.8011   0.0000   0.2159
  15.600   1.7377   0.01660   0.01167   0.0169  0.0891  0.8000  -5.8806   0.0000   0.2155
  15.700   1.7444   0.01679   0.01187   0.0174  0.0887  0.8000  -5.9599   0.0000   0.2150
  15.800   1.7509   0.01699   0.01209   0.0179  0.0882  0.8000  -6.0391   0.0000   0.2145
  15.900   1.7571   0.01720   0.01232   0.0184  0.0875  0.8000  -6.1170   0.0000   0.2141
  16.000   1.7627   0.01745   0.01257   0.0190  0.0866  0.8000  -6.1926   0.0000   0.2135
  16.100   1.7676   0.01773   0.01286   0.0197  0.0853  0.8000  -6.2656   0.0000   0.2130
  16.200   1.7718   0.01806   0.01318   0.0204  0.0838  0.8000  -6.3353   0.0000   0.2124
  16.300   1.7748   0.01844   0.01356   0.0212  0.0820  0.8000  -6.3998   0.0000   0.2117
  16.400   1.7773   0.01887   0.01398   0.0221  0.0801  0.8000  -6.4619   0.0000   0.2111
  16.500   1.7797   0.01932   0.01441   0.0229  0.0780  0.8000  -6.5237   0.0000   0.2104
  16.600   1.7821   0.01978   0.01486   0.0236  0.0757  0.8000  -6.5856   0.0000   0.2098
  16.700   1.7853   0.02020   0.01529   0.0243  0.0732  0.8000  -6.6511   0.0000   0.2092
  16.800   1.7889   0.02061   0.01570   0.0249  0.0709  0.8000  -6.7192   0.0000   0.2086
  16.900   1.7931   0.02098   0.01609   0.0255  0.0698  0.8000  -6.7906   0.0000   0.2081
  17.000   1.7979   0.02132   0.01645   0.0259  0.0695  0.8000  -6.8657   0.0000   0.2077
  17.100   1.8026   0.02167   0.01683   0.0264  0.0690  0.8000  -6.9414   0.0000   0.2072
  17.200   1.8064   0.02208   0.01725   0.0269  0.0685  0.8000  -7.0118   0.0000   0.2067
  17.300   1.8095   0.02253   0.01772   0.0275  0.0677  0.8000  -7.0789   0.0000   0.2062
  17.400   1.8122   0.02302   0.01823   0.0280  0.0666  0.8000  -7.1442   0.0000   0.2057
  17.500   1.8133   0.02364   0.01885   0.0286  0.0652  0.8000  -7.2013   0.0000   0.2051
  17.600   1.8131   0.02436   0.01956   0.0293  0.0636  0.8000  -7.2519   0.0000   0.2046
  17.700   1.8122   0.02515   0.02036   0.0299  0.0619  0.8000  -7.2986   0.0000   0.2040
  17.800   1.8102   0.02605   0.02125   0.0305  0.0601  0.8000  -7.3396   0.0000   0.2034
  17.900   1.8091   0.02691   0.02211   0.0310  0.0582  0.8000  -7.3845   0.0000   0.2028
  18.000   1.8076   0.02782   0.02303   0.0314  0.0560  0.8000  -7.4277   0.0000   0.2023
  18.100   1.8077   0.02864   0.02386   0.0318  0.0537  0.8000  -7.4788   0.0000   0.2018
  18.200   1.8082   0.02943   0.02467   0.0321  0.0521  0.8000  -7.5327   0.0000   0.2014
  18.300   1.8094   0.03019   0.02545   0.0323  0.0518  0.8000  -7.5905   0.0000   0.2011
  18.400   1.8108   0.03094   0.02623   0.0325  0.0513  0.8000  -7.6491   0.0000   0.2007
  18.500   1.8105   0.03183   0.02715   0.0327  0.0507  0.8000  -7.6986   0.0000   0.2003
  18.600   1.8091   0.03282   0.02815   0.0329  0.0499  0.8000  -7.7424   0.0000   0.1999
  18.700   1.8074   0.03386   0.02921   0.0331  0.0490  0.8000  -7.7839   0.0000   0.1996
  18.800   1.8032   0.03518   0.03055   0.0332  0.0480  0.8000  -7.8114   0.0000   0.1992
  18.900   1.7993   0.03649   0.03188   0.0332  0.0469  0.8000  -7.8399   0.0000   0.1988
  19.000   1.7930   0.03811   0.03353   0.0331  0.0459  0.8000  -7.8545   0.0000   0.1986
  19.100   1.7875   0.03966   0.03509   0.0330  0.0448  0.8000  -7.8732   0.0000   0.1983
  19.200   1.7800   0.04150   0.03695   0.0327  0.0439  0.8000  -7.8798   0.0000   0.1981
  19.300   1.7740   0.04317   0.03865   0.0325  0.0427  0.8000  -7.8949   0.0000   0.1978
  19.400   1.7662   0.04515   0.04065   0.0320  0.0417  0.8000  -7.8981   0.0000   0.1977
  19.500   1.7605   0.04685   0.04238   0.0317  0.0403  0.8000  -7.9141   0.0000   0.1976
  19.600   1.7524   0.04893   0.04450   0.0311  0.0393  0.8000  -7.9145   0.0000   0.1975
  19.700   1.7470   0.05067   0.04627   0.0307  0.0380  0.8000  -7.9308   0.0000   0.1974
  19.800   1.7387   0.05283   0.04847   0.0300  0.0373  0.8000  -7.9295   0.0000   0.1974
  19.900   1.7335   0.05460   0.05027   0.0294  0.0368  0.8000  -7.9463   0.0000   0.1974
  20.000   1.7261   0.05665   0.05236   0.0287  0.0366  0.8000  -7.9495   0.0000   0.1974


